7.484905089865213634e-01
9.658069425803572639e-01
1.063403732735654916e+00
1.139757313007003781e+00
1.367405050112735942e+00
1.277243697427301802e-02
-2.205953470956625775e-03
4.527161558364881794e-02
4.670490328209555564e-01
6.521111609234160333e-01
8.022186318962449825e-01
1.002197635385397634e+00
1.133603444854875963e+00
1.312661499947493260e+00
1.485102990541718349e+00
1.662523317718206828e+00
1.819995637958084389e+00
3.887265062459339671e-01
3.582749731023655571e-01
3.058104711811758247e-01
2.753787200786101952e-01
4.412105717133546490e-01
6.114772814381942423e-01
7.643145566555779036e-01
9.202318469913052246e-01
5.216436187715802753e-01
7.494920027757784320e-01
9.780346738787774052e-01
1.198278335907371650e+00
1.419885015533597139e+00
3.890314114961995196e-01
3.713221289161214855e-01
3.359422552782347915e-01
3.061945811573884013e-01
2.537925927907855317e-01
-7.508392315800345440e-02
1.024938433167447371e+01
2.927719353914029488e-01
6.134885591052787746e-01
3.627425739915356856e-02
2.922684702306481766e-02
2.466773349248569183e-02
3.099310133010424809e-02
2.852100192465636605e-02
3.471885005537100194e-02
2.333122406533865920e-02
2.777225250291688943e-02
2.673959307877559963e-02
3.197063216152460502e-02
2.822365271510807183e-02
2.698064464059440198e-02
3.128540207114031274e-02
3.724304106864217284e-02
2.933384195079092455e-02
3.246417559904965500e-02
3.995905310652275721e-03
3.007698483178284365e-01
6.004309235326410477e-01
1.793867030907506793e-03
1.518315025907096896e-03
1.198652478717500457e-03
1.846128194241118464e-03
2.511369110027512983e-03
1.600993462916471856e-03
2.608919565740561945e-03
1.820769044529411051e-03
1.135716147490258010e-03
3.110040857318133265e-03
1.790772501595240974e-03
1.968840028196604253e-03
2.338301671945917405e-03
1.792733775488672540e-03
1.208235189362369313e-03
1.572272651479415112e-03
3.007287455512835939e-01
5.996815167517506318e-01
1.123941503156194663e-02
1.074289793956986760e-02
1.443329613745494150e-02
8.799210025499236421e-03
1.047638807102304823e-02
1.153453922338386686e-02
1.462630497188512069e-02
1.455173926069323886e-02
1.178759329115820417e-02
9.520403442260086391e-03
1.526080144984326946e-02
1.385468571397093993e-02
1.489275044275437283e-02
1.551576552610901133e-02
1.364841516806800971e-02
1.434433578811852329e-02
3.002615048309268397e-01
6.001763169467609904e-01
1.768821412389901589e-03
1.915035313152426994e-03
1.271439067520463689e-03
3.852768988549839548e-03
1.533349537518608656e-03
1.750325793781356892e-03
3.148366482131796391e-03
2.067550094934568917e-03
1.268486854090357992e-03
1.037371741918668901e-03
1.692204512379188661e-03
1.812797062893020759e-03
1.925983994530196730e-03
2.537517824688343207e-03
1.012807312959652884e-03
2.394518123271324132e-03
2.014553032615566397e-01
4.014830026802681529e-01
6.009680350465480547e-01
7.988885250591634124e-01
8.646232992378797416e-03
6.171748253052999032e-03
6.026964199521065574e-03
4.653121201931652469e-03
5.547313579583344756e-03
5.089989406875942285e-03
4.712434882992500886e-03
8.106484655282372373e-03
6.608203368663301269e-03
2.384595578161643331e-03
2.055245183514055329e-03
4.280268445180694659e-03
2.595426727616400031e-01
3.722157487930576325e-01
5.982574490775235398e-01
8.284237984721402048e-01
2.289458140125959218e-02
7.663310803551193033e-03
2.613266178641975371e-02
3.287089208748315838e-02
1.445203809150947746e-02
2.421296521760693850e+03
6.753560582844190216e+10
3.283084115252083435e-01
1.393113150197717198e+00
2.377057784068498165e-07
5.579274354051800416e-02
9.797398329891098001e+02
1.564120187750099376e+03
5.932086361348899078e+10
6.249313182532618713e+10
2.366279333676944733e+10
3.439277286401419831e-01
-8.058162399143448118e-02
-7.268033311217088344e-02
3.485193613928069478e+00
3.286576367421145672e+00
3.464770972704510843e+00
1.187886885688843887e-06
1.205914370333015662e-06
-2.251795020330565283e-08
7.458137521651443495e-03
-5.016417718454827326e-03
7.656935833371877713e-03
-5.088948658084609632e-03
1.796459011196081855e-03
5.091456889882790620e+02
1.794444652787456960e+02
1.849044294421939135e+09
1.909971585424413698e-01
7.081750610817223457e-01
2.980748148019313898e-06
1.271112672146557830e+07
7.485782420292750885e+02
4.062082742255580803e-02
3.261523011475232244e+08
1.047047108763124415e+05
9.631019262277673079e+02
1.851736695778611829e+04
2.168164555682236312e+02
1.121397492853596667e+01
