-6.151376136436949998e-02
1.421750087216334391e-01
4.434372597804289717e-01
6.589081030398444838e-01
7.135709913170056318e-01
7.910273384770761806e-01
1.048165526765142408e+00
1.646009804390720366e-02
-1.310529261030993556e-02
-2.585329322104070598e-02
-1.154862657721976958e-02
2.530837446307687699e-01
3.555060626190750805e-01
5.226568857799669399e-01
6.517741364247919833e-01
7.642402837039413699e-01
8.704348627344682399e-01
1.029096422544531375e+00
1.131740824979484916e+00
1.251468241130640147e+00
3.160644800722066106e-01
2.765580072680512425e-01
2.698373381168396312e-01
2.531751581595793610e-01
2.950758828500481545e-01
3.118190172515926117e-01
3.069520547316103021e-01
3.444051307691365360e-01
3.447705968316046032e-01
6.355213336089550191e-01
8.603475746994415641e-01
1.155483712989124001e+00
1.418499834346478305e+00
3.138121306858341342e-01
3.122680297170928321e-01
2.959284586836806175e-01
2.490869796235227196e-01
2.342800694748571610e-01
-8.014735837480210789e-02
2.789989070420607575e+01
3.452838960229943077e-01
6.257309157143006173e-01
2.845664323341368096e-02
3.526609975214654163e-02
1.577094598736044143e-02
3.207490293042803559e-02
3.326456559645656064e-02
3.594683479741155735e-02
2.435261561996447319e-02
2.351024484454317803e-02
2.947585894617000060e-02
3.327899603128981615e-02
1.841515314647322599e-02
2.478794314687897057e-02
3.599609379784367985e-02
3.060112615072976480e-02
2.535668567636942955e-02
3.074905367532048198e-02
3.159578260041271194e-03
3.485708664889815012e-01
6.282516292836864968e-01
3.665436666378992132e-03
3.815069643694763216e-03
3.826783208346346953e-03
2.517436907823874300e-03
2.424615744797397991e-03
1.933021007585755202e-03
4.013135838557505691e-03
1.441078750022081918e-03
4.662539286236074172e-03
2.571140571333446669e-03
3.266418752444133575e-03
4.535690174676680446e-03
1.333126505383141818e-03
1.455935605867920719e-03
1.149374300514945709e-03
2.080062136310888068e-03
2.858546483620424405e-01
5.498148559693167847e-01
1.451585077600312489e-02
6.653659608385141880e-03
7.010110911840807674e-03
1.234790893384370668e-02
1.078848899194221299e-02
1.369917452048491358e-02
1.392348867738198333e-02
1.017613155983410761e-02
1.529399439334871470e-02
7.259618910297782265e-03
1.043183774853784392e-02
6.962925571748969367e-03
9.206267673677374919e-03
1.425677162920978465e-02
1.292762014845946078e-02
1.284414353123880005e-02
3.169073060440062428e-01
5.825542196371286119e-01
1.002264465060360987e-03
3.895640991469045446e-03
2.268630197170188375e-03
3.659238214432369851e-03
2.839506281839441430e-03
5.689697325769009495e-03
1.510253840587508266e-03
3.932567796242859501e-03
4.279026930499875946e-03
1.073497865478038058e-03
5.929900744908601050e-03
5.799092224371666694e-03
3.406670881414990571e-03
2.743630079031312251e-03
3.212393632900782149e-03
3.672472343826714038e-03
2.587460415306661043e-01
4.166611667705316657e-01
5.406437739762527395e-01
8.981064989099768470e-01
3.506687727940839636e-03
2.679115902628861120e-03
9.217241015427410367e-03
5.576540923850073321e-03
9.371484737082097852e-03
5.140566021897986088e-03
2.386262050109222866e-03
8.656072511006619730e-03
6.232024829625950474e-03
9.867288213045107698e-03
2.475752518627472032e-03
7.899875680877620557e-03
1.790378057795274092e-01
4.320092415236270744e-01
6.528855965694626562e-01
8.192502601733170353e-01
3.086018153968981409e-02
2.724454898181557019e-02
3.556021372015899518e-02
1.163389754078599306e-02
2.756538046393307642e-02
4.426650427479086325e-01
0.36
2.433926147322626093e+03
6.385570541438488770e+10
3.521030266176783385e-01
1.385047328408315570e+00
2.391413598369619529e-07
6.518094773389354613e-02
9.654828118332825397e+02
1.567271796608421027e+03
5.890081431143845367e+10
6.280296677840120697e+10
2.310169615377423859e+10
3.377257899817883158e-01
3.146407907615181299e-03
-2.490435421706321817e-04
3.528805102425145446e+00
3.441443461613009180e+00
3.390055957917232465e+00
1.196215155974573770e-06
1.185272427922103718e-06
-1.853480015492223934e-08
7.580290360860266093e-03
-5.211952060051889407e-03
7.988726687966964460e-03
-5.481264693661128118e-03
1.689297646256629785e-03
5.071428416729165747e+02
1.812100592429248138e+02
2.054516305422815561e+09
1.746773711328986067e-01
7.022720989091771893e-01
2.978718450365289916e-06
1.222478434048978053e+07
7.544888163347663976e+02
4.246618322322952277e-02
3.758502707348489761e+08
9.863523030282021500e+04
9.437139549517019077e+02
1.796530370208047680e+04
2.146248127520896389e+02
2.369600259032565859e+01
