5.330814329769999471e-01
7.798656441560000152e-01
1.026649855330000083e+00
6.452160011030000364e-02
6.691856702289999959e-02
4.172745411780000302e-02
7.463219784310000104e-01
1.410552332440000001e+00
1.870504431509999899e+00
2.110419091039999806e+00
4.794727589830000136e-01
5.586853481900000418e-01
7.753114531820000099e-01
8.463972205369999502e-01
1.653954559140000002e+00
3.206650298379999930e-01
1.752895746769999874e-01
2.688008044199999835e-01
5.000000000000000000e-01
1.400000000000000029e-02
1.400000000000000029e-02
1.400000000000000029e-02
1.400000000000000029e-02
1.400000000000000029e-02
1.400000000000000029e-02
1.400000000000000029e-02
1.400000000000000029e-02
1.400000000000000029e-02
1.400000000000000029e-02
1.400000000000000029e-02
1.400000000000000029e-02
1.022928067329999940e-02
5.000000000000000000e-01
1.000000000000000021e-03
1.000000000000000021e-03
1.000000000000000021e-03
1.000000000000000021e-03
1.000000000000000021e-03
1.000000000000000021e-03
1.000000000000000021e-03
1.000000000000000021e-03
1.000000000000000021e-03
1.000000000000000021e-03
1.000000000000000021e-03
1.000000000000000021e-03
2.066479546430000092e-01
4.060421770689999765e-01
6.129134351899999666e-01
8.130648654109999818e-01
7.400000000000000328e-03
7.400000000000000328e-03
7.400000000000000328e-03
7.400000000000000328e-03
7.400000000000000328e-03
2390
0.0006
97500
950
18700
214
11.9
0.32
1.39
0.23e-6
1580
500
181
0.039
