8.828383697040369515e-01
1.116835700653851404e+00
1.189975789594217570e+00
1.245571996068775222e+00
1.594016176560218989e+00
3.705745132346040943e-02
3.764718675400775122e-02
8.222211818516292348e-02
5.246016546238836398e-01
7.248540168648190951e-01
9.273170574538719402e-01
1.134961990675242394e+00
1.248484774325945512e+00
1.457669263664385761e+00
1.700647895153072575e+00
1.912531502889924351e+00
2.134022253349051379e+00
4.345915382811986194e-01
4.023494474495098450e-01
3.653528344306676834e-01
3.294462779302108069e-01
4.280844938074717665e-01
5.755199738067013904e-01
7.031574199716542628e-01
8.561215645554905995e-01
5.158087412531856542e-01
7.466770977540250209e-01
9.854973501952741799e-01
1.217190394900482087e+00
1.544937297285389866e+00
4.374213485415320291e-01
4.276646440740894395e-01
3.816449477888032016e-01
3.164185918820334731e-01
2.345518903835735747e-01
-6.488984883904673484e-02
2.556840528803174806e+01
3.320703442942100070e-01
5.164198973764999590e-01
2.153849004847043988e-02
3.113794685096140519e-02
4.088231577981654707e-02
3.113668534892602077e-02
1.527369700839670448e-02
3.828628053360922517e-02
4.616420319431052688e-02
3.872944314237330293e-02
2.113100396999134656e-02
3.090760807200796864e-02
3.671667387814411126e-02
3.508676675034520798e-02
2.643360666715074275e-02
2.835763628614272960e-02
3.792759135077894417e-02
4.029875498011631363e-02
8.891457105835984254e-03
2.785593923118492299e-01
5.978878193864667345e-01
3.911898502249806439e-03
5.325780030602026566e-03
2.554562533387750006e-03
1.458933336381600240e-03
1.017361497357127317e-03
5.912439925376974069e-03
1.560448185654210408e-03
4.378351983051646974e-03
1.426106713984223208e-03
4.752970010351486620e-03
1.356358077181628059e-03
2.356266981076585512e-03
2.748355980911853114e-03
5.560270623100793154e-03
1.276114593040320478e-03
1.213444689262902550e-03
2.829226285809237074e-01
6.507892483646319226e-01
1.085437066130439700e-02
1.257981510562800054e-02
1.203251378883538232e-02
1.121052744370207473e-02
1.130519081650768580e-02
1.043747836821746003e-02
1.007847149190442548e-02
6.877035326558267499e-03
1.317055459426479808e-02
1.392051630318173056e-02
8.790226446209590053e-03
1.506269140748337128e-02
1.529291156015102904e-02
1.362670779472250661e-02
1.036121412725874227e-02
1.038762614532395649e-02
3.055934523321788276e-01
6.078140707805747001e-01
3.779090805431500281e-03
1.199641932618819400e-03
3.384161720332554135e-03
4.120670789213070652e-03
3.600468741870311174e-03
2.867461006530408561e-03
3.979854688166471408e-03
4.191879269536953438e-03
2.407496503472716931e-03
4.634815525763546010e-03
1.737675955548787171e-03
1.964878675836820732e-03
5.498287286066059001e-03
4.145718252321480175e-03
5.059768518746531919e-03
2.805946984239700726e-03
1.687096114899490351e-01
3.116890138632983920e-01
5.518202829381475549e-01
7.697034223099310513e-01
8.227031077007214074e-03
6.164642593793491498e-03
6.705256595969279719e-03
8.047174157755328586e-03
5.502082407012981631e-03
8.033559416426631905e-03
3.286223074575469940e-03
5.142700829460252268e-03
9.174459345944175476e-03
5.557905355210829637e-03
7.168112535919864831e-03
2.153714813664274128e-03
1.072205740910340266e-01
3.643028334933871570e-01
5.761213838063343751e-01
6.978177467561833547e-01
1.738619758747955366e-02
2.734433587606479796e-02
3.055700995345135215e-02
1.865852911262230740e-02
3.094416491166700200e-02
2.374304677582606928e+03
6.745156103524185181e+10
2.631409503863557098e-01
1.409227703856805958e+00
2.458599657036338010e-07
8.034625710043012681e-02
9.754826062346228355e+02
1.569584406706975415e+03
6.011772186351351166e+10
5.742065718194119263e+10
2.389968480375724030e+10
3.536066377528305216e-01
-4.078844164573190018e-02
-9.297025120710239454e-02
3.272507519141015120e+00
3.290795633527171749e+00
3.533664414094955575e+00
1.214318839534634922e-06
1.224066300382112233e-06
-2.060007525478281869e-09
6.842979897626595351e-03
-5.028998202011569600e-03
7.537138430355246749e-03
-4.959180598688160344e-03
1.664843879173122159e-03
5.089546265975715187e+02
1.785058914292186216e+02
1.953219443985445261e+09
1.890929512673705792e-01
7.127152786741324242e-01
3.011322953364460079e-06
1.365630564709977247e+07
7.591981342130386565e+02
4.137756112319096458e-02
3.221151445303635001e+08
1.001284309338520397e+05
9.452325729222384325e+02
1.961853461718422113e+04
2.189300067086701063e+02
1.292560578226231094e+01
