7.490731355756815590e-01
1.101479258268110772e+00
1.169837334583434973e+00
1.234177355608464977e+00
1.483114389832835167e+00
5.503550584702232573e-02
2.761150188926949842e-02
9.661086011670805274e-02
5.001227108797611232e-01
7.092460429821735302e-01
9.152199657098438745e-01
1.118460507819817096e+00
1.228887079245762237e+00
1.449203464796963381e+00
1.699155222537479304e+00
1.918227512581821781e+00
2.120309194737175940e+00
4.129000645150512905e-01
4.031415460728139943e-01
3.960962893718000255e-01
3.944666683556299347e-01
4.887180529384979044e-01
7.209244637506194708e-01
8.401197955717011334e-01
8.613071226643025380e-01
5.079617314296626107e-01
7.143693452390661447e-01
9.881556867505488784e-01
1.215030147999188070e+00
1.464235410809916704e+00
3.866232810164780820e-01
3.480598878684507680e-01
3.446607969402464278e-01
3.291452736520587008e-01
2.563024206090647183e-01
-1.020831524053180672e-01
1.019142074993136760e+01
3.216234889641065298e-01
6.868830019737206527e-01
2.069470350650349719e-02
4.184150007201171972e-02
3.026321550713418837e-02
4.391579041376883485e-02
2.097463701984866521e-02
4.681708951528500834e-02
3.078311747946188906e-02
4.695551721285341068e-02
1.842655774583897357e-02
3.871096178181579472e-02
3.681388039030444176e-02
4.392369361835431196e-02
2.250375307260567975e-02
4.079412958486250407e-02
3.932056293653479750e-02
3.907785496596333230e-02
7.459432386065446320e-03
2.980756570256379856e-01
6.098869131848384528e-01
3.015524554670395013e-03
2.328858473030856729e-03
2.917024575408461162e-03
3.285554950690584407e-03
1.529544930998141946e-03
4.169182172138665744e-03
3.515001745361210923e-03
4.763985730039866327e-03
1.604552332797014747e-03
4.926945336764608670e-03
3.685298026168305416e-03
3.543071074657585737e-03
3.413223046314325156e-03
3.906557758299242580e-03
2.506411110634028036e-03
2.375980827287023801e-03
2.549384409798234885e-01
6.808135135055131126e-01
1.499942149024320777e-02
8.621524742946043429e-03
6.429198767820859528e-03
1.089717274186900210e-02
1.169824574993617167e-02
1.267144333806566672e-02
1.346698183478803670e-02
1.359711912067291389e-02
1.483927940238352790e-02
7.573121909152598190e-03
1.098442634759965418e-02
8.282092418596551098e-03
6.886293310231123704e-03
7.317463462878990958e-03
1.249681008506016433e-02
1.406608755893235321e-02
3.412294188382113402e-01
5.103495697680333620e-01
3.540178088018266882e-03
3.281218904130855495e-03
3.852432149370040027e-03
3.547229723527001600e-03
5.047997368834404239e-03
2.070720249669411733e-03
3.772006813920444988e-03
3.648149930035661601e-03
5.739532320625398074e-03
2.912624228010740439e-03
5.364976374174767158e-03
2.045513756944995938e-03
5.639047883723874791e-03
1.794070037893604743e-03
1.058131098967652782e-03
2.656786428497405917e-03
1.539378473687041671e-01
3.473637550045319267e-01
5.768966731618693222e-01
7.988204088054293717e-01
3.272379927192418936e-03
9.968124806414112651e-03
8.104472948764101722e-03
9.036498283856841257e-03
6.777764708047704159e-03
6.594787070977029333e-03
4.605840582475307504e-03
6.633212907320835960e-03
7.850452981384656650e-03
7.111128143953347053e-03
6.205801194875817245e-03
4.810513397502293870e-03
2.209977490378037257e-01
4.575635446677853713e-01
5.645155619530288771e-01
6.898201190816182216e-01
2.094082768486906984e-02
2.314136129520005802e-02
2.478606484355351525e-02
2.615302068642423247e-02
1.491907197282960409e-02
2.437103784943214123e+03
6.907814080910877991e+10
2.790817468676446422e-01
1.404362090368158178e+00
2.282272558083058545e-07
6.999701832029506243e-02
9.631818032244235610e+02
1.564172592926747484e+03
6.126834344329177856e+10
5.714946572372925568e+10
2.387014303087305450e+10
3.441016540050061967e-01
-5.822046158988241488e-02
-6.920818848798859779e-02
3.425071850281350194e+00
3.355013223310084669e+00
3.566785920080792316e+00
1.218641273767433209e-06
1.200155221733125065e-06
-2.247135820732217123e-09
7.806252049561672977e-03
-5.277715760561433808e-03
8.116476856405241067e-03
-5.206996983645143830e-03
1.781149505920103654e-03
5.052315607420308652e+02
1.782728833548706859e+02
1.959788918792155504e+09
1.675354469068399133e-01
7.167568866576536912e-01
2.945585048222026166e-06
1.368224411155405268e+07
7.453617109805652490e+02
3.448347313276492465e-02
3.098826550944243670e+08
1.064052608554129692e+05
9.617972395214882226e+02
1.852658671030042024e+04
2.129713832690866582e+02
1.144020072193680626e+01
