0.542184028597
0.861924069203
1.07294362778
1.22116127662
1.31116127662
1.39898250113
1.52898250113
1.72382751485
2.08657277183
0.41701676682
0.365097384863
0.30179151729
0.267426221899
0.277426221899
0.332507516885
0.385631475087
0.3081105930808730
0.6052542979075640
0.0100000000000000
0.0100000000000000
0.0100000000000000
0.0100000000000000
0.0088043270964529
0.3083569787751710
0.6575852795165670
0.0005000000000000
0.0005000000000000
0.0005000000000000
0.0005000000000000
0.3083127571906120
0.6575852795165670
0.0064000000000000
0.0064000000000000
0.0064000000000000
0.0064000000000000
0.3081105622071950
0.6522896117616630
0.0005000000000000
0.0005000000000000
0.0005000000000000
0.0005000000000000
0.0020000000000000
0.0020000000000000
0.0020000000000000
0.0020000000000000
0.0020000000000000
0.0020000000000000
0.2222323386878620
0.4497755991863040
0.6997755991863040
0.8497755991241920
0.0074000000000000
0.0074000000000000
0.0074000000000000
0.0074000000000000
0.0074000000000000
2390
66e9
0.32
1.39
0.23e-6
0.0006
972
1580
59e9
61e9
22e9
0.35
-0.01
-0.02
3.37
3.39
3.42
1.1e-6
1.0e-6
1.0e-7
0.006
-0.004
0.006
-0.004
0.003
500
181
0.2e9
0.165
0.69
3e-6
13e6
750
0.039
300e6
97500
950
18700
214
11.9
