TITLE = "SU2 Simulation"
VARIABLES = "Iteration","CLift","CDrag","CSideForce","CMx","CMy","CMz","CFx","CFy","CFz","CL/CD","Res_Flow[0]","Res_Flow[1]","Res_Flow[2]","Res_Flow[3]","Res_Flow[4]","Linear_Solver_Iterations","CFL_Number","Time(min)"
ZONE T= "Convergence history"
           0, 0.00000000e+00, 0.00000000e+00, 0.00000000e+00, 0.00000000e+00, 0.00000000e+00, 0.00000000e+00, 0.00000000e+00, 0.00000000e+00, 0.00000000e+00, 0.00000000e+00, -1.24643055e+00, 1.83395445e+00, -1.30124366e+01, 4.89607563e+00, 0.00000000e+00, 3.0000000000, 25.0000000000, 0.0042173505
           1, 0.00000000e+00, 0.00000000e+00, 0.00000000e+00, 0.00000000e+00, 0.00000000e+00, 0.00000000e+00, 0.00000000e+00, 0.00000000e+00, 0.00000000e+00, 0.00000000e+00, -1.51975561e+00, 1.49686411e+00, 4.75724565e-01, 4.58953528e+00, 0.00000000e+00, 3.0000000000, 25.0000000000, 0.0083940983
           2, 0.00000000e+00, 0.00000000e+00, 0.00000000e+00, 0.00000000e+00, 0.00000000e+00, 0.00000000e+00, 0.00000000e+00, 0.00000000e+00, 0.00000000e+00, 0.00000000e+00, -1.53455468e+00, 1.51984824e+00, 6.00622479e-01, 4.64140634e+00, 0.00000000e+00, 3.0000000000, 25.0000000000, 0.0125811815
           3, 0.00000000e+00, 0.00000000e+00, 0.00000000e+00, 0.00000000e+00, 0.00000000e+00, 0.00000000e+00, 0.00000000e+00, 0.00000000e+00, 0.00000000e+00, 0.00000000e+00, -1.55398271e+00, 1.32744080e+00, 8.11804364e-01, 4.46245837e+00, 0.00000000e+00, 3.0000000000, 25.0000000000, 0.0168775002
           4, 0.00000000e+00, 0.00000000e+00, 0.00000000e+00, 0.00000000e+00, 0.00000000e+00, 0.00000000e+00, 0.00000000e+00, 0.00000000e+00, 0.00000000e+00, 0.00000000e+00, -1.64715884e+00, 1.16104172e+00, 8.29015330e-01, 4.22292760e+00, 0.00000000e+00, 3.0000000000, 25.0000000000, 0.0211397330
           5, 0.00000000e+00, 0.00000000e+00, 0.00000000e+00, 0.00000000e+00, 0.00000000e+00, 0.00000000e+00, 0.00000000e+00, 0.00000000e+00, 0.00000000e+00, 0.00000000e+00, -1.83092618e+00, 1.01272740e+00, 7.22965668e-01, 4.04064750e+00, 0.00000000e+00, 3.0000000000, 25.0000000000, 0.0254639467
           6, 0.00000000e+00, 0.00000000e+00, 0.00000000e+00, 0.00000000e+00, 0.00000000e+00, 0.00000000e+00, 0.00000000e+00, 0.00000000e+00, 0.00000000e+00, 0.00000000e+00, -1.93919479e+00, 8.52153055e-01, 5.45471466e-01, 3.83725939e+00, 0.00000000e+00, 3.0000000000, 25.0000000000, 0.0297598799
           7, 0.00000000e+00, 0.00000000e+00, 0.00000000e+00, 0.00000000e+00, 0.00000000e+00, 0.00000000e+00, 0.00000000e+00, 0.00000000e+00, 0.00000000e+00, 0.00000000e+00, -1.98085463e+00, 7.36264529e-01, 4.27477568e-01, 3.73523602e+00, 0.00000000e+00, 3.0000000000, 25.0000000000, 0.0340499322
           8, 0.00000000e+00, 0.00000000e+00, 0.00000000e+00, 0.00000000e+00, 0.00000000e+00, 0.00000000e+00, 0.00000000e+00, 0.00000000e+00, 0.00000000e+00, 0.00000000e+00, -2.06501111e+00, 6.36656555e-01, 4.02151279e-01, 3.64365807e+00, 0.00000000e+00, 3.0000000000, 25.0000000000, 0.0381624142
           9, 0.00000000e+00, 0.00000000e+00, 0.00000000e+00, 0.00000000e+00, 0.00000000e+00, 0.00000000e+00, 0.00000000e+00, 0.00000000e+00, 0.00000000e+00, 0.00000000e+00, -2.14441178e+00, 5.81718221e-01, 3.44841320e-01, 3.60130810e+00, 0.00000000e+00, 3.0000000000, 25.0000000000, 0.0422359665
          10, 0.00000000e+00, 0.00000000e+00, 0.00000000e+00, 0.00000000e+00, 0.00000000e+00, 0.00000000e+00, 0.00000000e+00, 0.00000000e+00, 0.00000000e+00, 0.00000000e+00, -2.16000072e+00, 5.54783956e-01, 3.24234679e-01, 3.60328201e+00, 0.00000000e+00, 3.0000000000, 25.0000000000, 0.0463349819
          11, 0.00000000e+00, 0.00000000e+00, 0.00000000e+00, 0.00000000e+00, 0.00000000e+00, 0.00000000e+00, 0.00000000e+00, 0.00000000e+00, 0.00000000e+00, 0.00000000e+00, -2.18319539e+00, 5.38831666e-01, 3.04843428e-01, 3.60993767e+00, 0.00000000e+00, 3.0000000000, 25.0000000000, 0.0505547802
          12, 0.00000000e+00, 0.00000000e+00, 0.00000000e+00, 0.00000000e+00, 0.00000000e+00, 0.00000000e+00, 0.00000000e+00, 0.00000000e+00, 0.00000000e+00, 0.00000000e+00, -2.19462036e+00, 5.45049881e-01, 3.29809942e-01, 3.63124366e+00, 0.00000000e+00, 3.0000000000, 25.0000000000, 0.0546950658
          13, 0.00000000e+00, 0.00000000e+00, 0.00000000e+00, 0.00000000e+00, 0.00000000e+00, 0.00000000e+00, 0.00000000e+00, 0.00000000e+00, 0.00000000e+00, 0.00000000e+00, -2.20707012e+00, 5.40103458e-01, 3.52603095e-01, 3.63509466e+00, 0.00000000e+00, 3.0000000000, 25.0000000000, 0.0587648471
          14, 0.00000000e+00, 0.00000000e+00, 0.00000000e+00, 0.00000000e+00, 0.00000000e+00, 0.00000000e+00, 0.00000000e+00, 0.00000000e+00, 0.00000000e+00, 0.00000000e+00, -2.21388811e+00, 5.21677108e-01, 3.60486103e-01, 3.63681182e+00, 0.00000000e+00, 3.0000000000, 25.0000000000, 0.0628205299
          15, 0.00000000e+00, 0.00000000e+00, 0.00000000e+00, 0.00000000e+00, 0.00000000e+00, 0.00000000e+00, 0.00000000e+00, 0.00000000e+00, 0.00000000e+00, 0.00000000e+00, -2.22337553e+00, 5.20234798e-01, 3.71748164e-01, 3.63645818e+00, 0.00000000e+00, 3.0000000000, 25.0000000000, 0.0671371818
          16, 0.00000000e+00, 0.00000000e+00, 0.00000000e+00, 0.00000000e+00, 0.00000000e+00, 0.00000000e+00, 0.00000000e+00, 0.00000000e+00, 0.00000000e+00, 0.00000000e+00, -2.22583906e+00, 5.57898165e-01, 3.75149272e-01, 3.66126817e+00, 0.00000000e+00, 3.0000000000, 25.0000000000, 0.0711508830
          17, 0.00000000e+00, 0.00000000e+00, 0.00000000e+00, 0.00000000e+00, 0.00000000e+00, 0.00000000e+00, 0.00000000e+00, 0.00000000e+00, 0.00000000e+00, 0.00000000e+00, -2.22916375e+00, 5.89206990e-01, 3.63374321e-01, 3.68173536e+00, 0.00000000e+00, 3.0000000000, 25.0000000000, 0.0754791141
          18, 0.00000000e+00, 0.00000000e+00, 0.00000000e+00, 0.00000000e+00, 0.00000000e+00, 0.00000000e+00, 0.00000000e+00, 0.00000000e+00, 0.00000000e+00, 0.00000000e+00, -2.23837789e+00, 6.04482029e-01, 3.57498493e-01, 3.68329756e+00, 0.00000000e+00, 3.0000000000, 25.0000000000, 0.0796921134
          19, 0.00000000e+00, 0.00000000e+00, 0.00000000e+00, 0.00000000e+00, 0.00000000e+00, 0.00000000e+00, 0.00000000e+00, 0.00000000e+00, 0.00000000e+00, 0.00000000e+00, -2.21997961e+00, 6.48216741e-01, 3.68560797e-01, 3.70547488e+00, 0.00000000e+00, 3.0000000000, 25.0000000000, 0.0839575489
          20, 0.00000000e+00, 0.00000000e+00, 0.00000000e+00, 0.00000000e+00, 0.00000000e+00, 0.00000000e+00, 0.00000000e+00, 0.00000000e+00, 0.00000000e+00, 0.00000000e+00, -2.16305387e+00, 7.19700640e-01, 3.94862692e-01, 3.75169058e+00, 0.00000000e+00, 3.0000000000, 25.0000000000, 0.0879665653
          21, 0.00000000e+00, 0.00000000e+00, 0.00000000e+00, 0.00000000e+00, 0.00000000e+00, 0.00000000e+00, 0.00000000e+00, 0.00000000e+00, 0.00000000e+00, 0.00000000e+00, -2.14597358e+00, 7.21169033e-01, 3.82157612e-01, 3.76315149e+00, 0.00000000e+00, 3.0000000000, 25.0000000000, 0.0919997811
          22, 0.00000000e+00, 0.00000000e+00, 0.00000000e+00, 0.00000000e+00, 0.00000000e+00, 0.00000000e+00, 0.00000000e+00, 0.00000000e+00, 0.00000000e+00, 0.00000000e+00, -2.10502774e+00, 7.98121550e-01, 4.45026100e-01, 3.79894780e+00, 0.00000000e+00, 3.0000000000, 25.0000000000, 0.0960804661
          23, 0.00000000e+00, 0.00000000e+00, 0.00000000e+00, 0.00000000e+00, 0.00000000e+00, 0.00000000e+00, 0.00000000e+00, 0.00000000e+00, 0.00000000e+00, 0.00000000e+00, -2.15539927e+00, 7.47282780e-01, 4.52020573e-01, 3.73817827e+00, 0.00000000e+00, 3.0000000000, 25.0000000000, 0.1001379808
          24, 0.00000000e+00, 0.00000000e+00, 0.00000000e+00, 0.00000000e+00, 0.00000000e+00, 0.00000000e+00, 0.00000000e+00, 0.00000000e+00, 0.00000000e+00, 0.00000000e+00, -2.11618705e+00, 7.81736374e-01, 4.56836059e-01, 3.78400953e+00, 0.00000000e+00, 3.0000000000, 25.0000000000, 0.1044158300
          25, 0.00000000e+00, 0.00000000e+00, 0.00000000e+00, 0.00000000e+00, 0.00000000e+00, 0.00000000e+00, 0.00000000e+00, 0.00000000e+00, 0.00000000e+00, 0.00000000e+00, -2.17379082e+00, 7.06260960e-01, 3.70581619e-01, 3.71356245e+00, 0.00000000e+00, 3.0000000000, 25.0000000000, 0.1084200144
          26, 0.00000000e+00, 0.00000000e+00, 0.00000000e+00, 0.00000000e+00, 0.00000000e+00, 0.00000000e+00, 0.00000000e+00, 0.00000000e+00, 0.00000000e+00, 0.00000000e+00, -2.21174842e+00, 6.55495504e-01, 3.12174442e-01, 3.67766416e+00, 0.00000000e+00, 3.0000000000, 25.0000000000, 0.1127299666
          27, 0.00000000e+00, 0.00000000e+00, 0.00000000e+00, 0.00000000e+00, 0.00000000e+00, 0.00000000e+00, 0.00000000e+00, 0.00000000e+00, 0.00000000e+00, 0.00000000e+00, -2.24314935e+00, 6.28877248e-01, 2.67729606e-01, 3.64053736e+00, 0.00000000e+00, 3.0000000000, 25.0000000000, 0.1171419501
          28, 0.00000000e+00, 0.00000000e+00, 0.00000000e+00, 0.00000000e+00, 0.00000000e+00, 0.00000000e+00, 0.00000000e+00, 0.00000000e+00, 0.00000000e+00, 0.00000000e+00, -2.33304356e+00, 5.09004357e-01, 2.13550160e-01, 3.54688369e+00, 0.00000000e+00, 3.0000000000, 25.0000000000, 0.1211814165
          29, 0.00000000e+00, 0.00000000e+00, 0.00000000e+00, 0.00000000e+00, 0.00000000e+00, 0.00000000e+00, 0.00000000e+00, 0.00000000e+00, 0.00000000e+00, 0.00000000e+00, -2.41792474e+00, 4.25173691e-01, 1.63774847e-01, 3.46692030e+00, 0.00000000e+00, 3.0000000000, 25.0000000000, 0.1253212492
          30, 0.00000000e+00, 0.00000000e+00, 0.00000000e+00, 0.00000000e+00, 0.00000000e+00, 0.00000000e+00, 0.00000000e+00, 0.00000000e+00, 0.00000000e+00, 0.00000000e+00, -2.51509724e+00, 2.99481144e-01, 6.81061077e-02, 3.35765097e+00, 0.00000000e+00, 3.0000000000, 25.0000000000, 0.1293399493
          31, 0.00000000e+00, 0.00000000e+00, 0.00000000e+00, 0.00000000e+00, 0.00000000e+00, 0.00000000e+00, 0.00000000e+00, 0.00000000e+00, 0.00000000e+00, 0.00000000e+00, -2.60125661e+00, 2.12580855e-01, -1.53872837e-02, 3.25945954e+00, 0.00000000e+00, 3.0000000000, 25.0000000000, 0.1336814165
          32, 0.00000000e+00, 0.00000000e+00, 0.00000000e+00, 0.00000000e+00, 0.00000000e+00, 0.00000000e+00, 0.00000000e+00, 0.00000000e+00, 0.00000000e+00, 0.00000000e+00, -2.67202629e+00, 1.47652860e-01, -9.32189196e-02, 3.19714455e+00, 0.00000000e+00, 3.0000000000, 25.0000000000, 0.1377593478
          33, 0.00000000e+00, 0.00000000e+00, 0.00000000e+00, 0.00000000e+00, 0.00000000e+00, 0.00000000e+00, 0.00000000e+00, 0.00000000e+00, 0.00000000e+00, 0.00000000e+00, -2.74618137e+00, 6.39836545e-02, -1.67401204e-01, 3.11624423e+00, 0.00000000e+00, 3.0000000000, 25.0000000000, 0.1418251991
          34, 0.00000000e+00, 0.00000000e+00, 0.00000000e+00, 0.00000000e+00, 0.00000000e+00, 0.00000000e+00, 0.00000000e+00, 0.00000000e+00, 0.00000000e+00, 0.00000000e+00, -2.83333922e+00, 5.32498095e-03, -2.13297996e-01, 3.04239698e+00, 0.00000000e+00, 3.0000000000, 25.0000000000, 0.1459152301
          35, 0.00000000e+00, 0.00000000e+00, 0.00000000e+00, 0.00000000e+00, 0.00000000e+00, 0.00000000e+00, 0.00000000e+00, 0.00000000e+00, 0.00000000e+00, 0.00000000e+00, -2.88388273e+00, -4.09516116e-02, -3.15283101e-01, 3.00815683e+00, 0.00000000e+00, 3.0000000000, 25.0000000000, 0.1502079805
          36, 0.00000000e+00, 0.00000000e+00, 0.00000000e+00, 0.00000000e+00, 0.00000000e+00, 0.00000000e+00, 0.00000000e+00, 0.00000000e+00, 0.00000000e+00, 0.00000000e+00, -2.94698169e+00, -8.24815263e-02, -3.77673935e-01, 2.95445660e+00, 0.00000000e+00, 3.0000000000, 25.0000000000, 0.1544460972
          37, 0.00000000e+00, 0.00000000e+00, 0.00000000e+00, 0.00000000e+00, 0.00000000e+00, 0.00000000e+00, 0.00000000e+00, 0.00000000e+00, 0.00000000e+00, 0.00000000e+00, -3.04853114e+00, -1.93357235e-01, -4.23367297e-01, 2.85589750e+00, 0.00000000e+00, 3.0000000000, 25.0000000000, 0.1585279147
          38, 0.00000000e+00, 0.00000000e+00, 0.00000000e+00, 0.00000000e+00, 0.00000000e+00, 0.00000000e+00, 0.00000000e+00, 0.00000000e+00, 0.00000000e+00, 0.00000000e+00, -3.11710713e+00, -2.67345093e-01, -4.55471908e-01, 2.79231155e+00, 0.00000000e+00, 3.0000000000, 25.0000000000, 0.1627457658
          39, 0.00000000e+00, 0.00000000e+00, 0.00000000e+00, 0.00000000e+00, 0.00000000e+00, 0.00000000e+00, 0.00000000e+00, 0.00000000e+00, 0.00000000e+00, 0.00000000e+00, -3.18570240e+00, -3.42033324e-01, -5.12068584e-01, 2.72522040e+00, 0.00000000e+00, 3.0000000000, 25.0000000000, 0.1669147650
          40, 0.00000000e+00, 0.00000000e+00, 0.00000000e+00, 0.00000000e+00, 0.00000000e+00, 0.00000000e+00, 0.00000000e+00, 0.00000000e+00, 0.00000000e+00, 0.00000000e+00, -3.26386005e+00, -4.15203852e-01, -5.58980185e-01, 2.66361102e+00, 0.00000000e+00, 3.0000000000, 25.0000000000, 0.1713981311
          41, 0.00000000e+00, 0.00000000e+00, 0.00000000e+00, 0.00000000e+00, 0.00000000e+00, 0.00000000e+00, 0.00000000e+00, 0.00000000e+00, 0.00000000e+00, 0.00000000e+00, -3.29489610e+00, -4.43683552e-01, -5.92645349e-01, 2.64306992e+00, 0.00000000e+00, 3.0000000000, 25.0000000000, 0.1757926504
          42, 0.00000000e+00, 0.00000000e+00, 0.00000000e+00, 0.00000000e+00, 0.00000000e+00, 0.00000000e+00, 0.00000000e+00, 0.00000000e+00, 0.00000000e+00, 0.00000000e+00, -3.32721259e+00, -4.73865221e-01, -5.54456576e-01, 2.61278664e+00, 0.00000000e+00, 3.0000000000, 25.0000000000, 0.1801363667
          43, 0.00000000e+00, 0.00000000e+00, 0.00000000e+00, 0.00000000e+00, 0.00000000e+00, 0.00000000e+00, 0.00000000e+00, 0.00000000e+00, 0.00000000e+00, 0.00000000e+00, -3.36131036e+00, -5.14083770e-01, -6.01093672e-01, 2.58034402e+00, 0.00000000e+00, 3.0000000000, 25.0000000000, 0.1847599149
          44, 0.00000000e+00, 0.00000000e+00, 0.00000000e+00, 0.00000000e+00, 0.00000000e+00, 0.00000000e+00, 0.00000000e+00, 0.00000000e+00, 0.00000000e+00, 0.00000000e+00, -3.36001129e+00, -5.36220064e-01, -6.53325288e-01, 2.56130312e+00, 0.00000000e+00, 3.0000000000, 25.0000000000, 0.1888927658
          45, 0.00000000e+00, 0.00000000e+00, 0.00000000e+00, 0.00000000e+00, 0.00000000e+00, 0.00000000e+00, 0.00000000e+00, 0.00000000e+00, 0.00000000e+00, 0.00000000e+00, -3.38783660e+00, -5.56844796e-01, -6.40221146e-01, 2.54655658e+00, 0.00000000e+00, 3.0000000000, 25.0000000000, 0.1930027167
          46, 0.00000000e+00, 0.00000000e+00, 0.00000000e+00, 0.00000000e+00, 0.00000000e+00, 0.00000000e+00, 0.00000000e+00, 0.00000000e+00, 0.00000000e+00, 0.00000000e+00, -3.33373078e+00, -5.14267861e-01, -5.89724716e-01, 2.58859333e+00, 0.00000000e+00, 3.0000000000, 25.0000000000, 0.1971983989
          47, 0.00000000e+00, 0.00000000e+00, 0.00000000e+00, 0.00000000e+00, 0.00000000e+00, 0.00000000e+00, 0.00000000e+00, 0.00000000e+00, 0.00000000e+00, 0.00000000e+00, -3.35816758e+00, -5.45187425e-01, -6.24772325e-01, 2.55583997e+00, 0.00000000e+00, 3.0000000000, 25.0000000000, 0.2014229139
          48, 0.00000000e+00, 0.00000000e+00, 0.00000000e+00, 0.00000000e+00, 0.00000000e+00, 0.00000000e+00, 0.00000000e+00, 0.00000000e+00, 0.00000000e+00, 0.00000000e+00, -3.39991273e+00, -5.57881078e-01, -6.52550093e-01, 2.54159928e+00, 0.00000000e+00, 3.0000000000, 25.0000000000, 0.2055985967
          49, 0.00000000e+00, 0.00000000e+00, 0.00000000e+00, 0.00000000e+00, 0.00000000e+00, 0.00000000e+00, 0.00000000e+00, 0.00000000e+00, 0.00000000e+00, 0.00000000e+00, -3.42109455e+00, -5.82174007e-01, -6.70670832e-01, 2.52302272e+00, 0.00000000e+00, 3.0000000000, 25.0000000000, 0.2097881317
          50, 0.00000000e+00, 0.00000000e+00, 0.00000000e+00, 0.00000000e+00, 0.00000000e+00, 0.00000000e+00, 0.00000000e+00, 0.00000000e+00, 0.00000000e+00, 0.00000000e+00, -3.42030384e+00, -5.73545609e-01, -5.88116368e-01, 2.52521789e+00, 0.00000000e+00, 3.0000000000, 25.0000000000, 0.2139389833
          51, 0.00000000e+00, 0.00000000e+00, 0.00000000e+00, 0.00000000e+00, 0.00000000e+00, 0.00000000e+00, 0.00000000e+00, 0.00000000e+00, 0.00000000e+00, 0.00000000e+00, -3.40395581e+00, -5.72767552e-01, -6.32310961e-01, 2.53998507e+00, 0.00000000e+00, 3.0000000000, 25.0000000000, 0.2183291316
          52, 0.00000000e+00, 0.00000000e+00, 0.00000000e+00, 0.00000000e+00, 0.00000000e+00, 0.00000000e+00, 0.00000000e+00, 0.00000000e+00, 0.00000000e+00, 0.00000000e+00, -3.37350647e+00, -5.71047365e-01, -6.58427816e-01, 2.54144070e+00, 0.00000000e+00, 3.0000000000, 25.0000000000, 0.2224272966
          53, 0.00000000e+00, 0.00000000e+00, 0.00000000e+00, 0.00000000e+00, 0.00000000e+00, 0.00000000e+00, 0.00000000e+00, 0.00000000e+00, 0.00000000e+00, 0.00000000e+00, -3.36849761e+00, -5.91784651e-01, -6.54744081e-01, 2.52147121e+00, 0.00000000e+00, 3.0000000000, 25.0000000000, 0.2264425476
          54, 0.00000000e+00, 0.00000000e+00, 0.00000000e+00, 0.00000000e+00, 0.00000000e+00, 0.00000000e+00, 0.00000000e+00, 0.00000000e+00, 0.00000000e+00, 0.00000000e+00, -3.38698912e+00, -5.93814889e-01, -6.62020278e-01, 2.52206996e+00, 0.00000000e+00, 3.0000000000, 25.0000000000, 0.2305725336
          55, 0.00000000e+00, 0.00000000e+00, 0.00000000e+00, 0.00000000e+00, 0.00000000e+00, 0.00000000e+00, 0.00000000e+00, 0.00000000e+00, 0.00000000e+00, 0.00000000e+00, -3.42268926e+00, -6.09135949e-01, -6.58867318e-01, 2.50945784e+00, 0.00000000e+00, 3.0000000000, 25.0000000000, 0.2348347982
          56, 0.00000000e+00, 0.00000000e+00, 0.00000000e+00, 0.00000000e+00, 0.00000000e+00, 0.00000000e+00, 0.00000000e+00, 0.00000000e+00, 0.00000000e+00, 0.00000000e+00, -3.37107591e+00, -5.74694776e-01, -6.20841458e-01, 2.54565719e+00, 0.00000000e+00, 3.0000000000, 25.0000000000, 0.2390688141
          57, 0.00000000e+00, 0.00000000e+00, 0.00000000e+00, 0.00000000e+00, 0.00000000e+00, 0.00000000e+00, 0.00000000e+00, 0.00000000e+00, 0.00000000e+00, 0.00000000e+00, -3.35391384e+00, -5.46506353e-01, -6.10532288e-01, 2.56714521e+00, 0.00000000e+00, 3.0000000000, 25.0000000000, 0.2432190498
          58, 0.00000000e+00, 0.00000000e+00, 0.00000000e+00, 0.00000000e+00, 0.00000000e+00, 0.00000000e+00, 0.00000000e+00, 0.00000000e+00, 0.00000000e+00, 0.00000000e+00, -3.38771985e+00, -5.59200893e-01, -6.27234250e-01, 2.55978336e+00, 0.00000000e+00, 3.0000000000, 25.0000000000, 0.2474243482
          59, 0.00000000e+00, 0.00000000e+00, 0.00000000e+00, 0.00000000e+00, 0.00000000e+00, 0.00000000e+00, 0.00000000e+00, 0.00000000e+00, 0.00000000e+00, 0.00000000e+00, -3.40577119e+00, -5.77509919e-01, -6.61763358e-01, 2.54420511e+00, 0.00000000e+00, 3.0000000000, 25.0000000000, 0.2514346480
          60, 0.00000000e+00, 0.00000000e+00, 0.00000000e+00, 0.00000000e+00, 0.00000000e+00, 0.00000000e+00, 0.00000000e+00, 0.00000000e+00, 0.00000000e+00, 0.00000000e+00, -3.41513889e+00, -5.69075426e-01, -5.95292459e-01, 2.53975884e+00, 0.00000000e+00, 3.0000000000, 25.0000000000, 0.2555610816
          61, 0.00000000e+00, 0.00000000e+00, 0.00000000e+00, 0.00000000e+00, 0.00000000e+00, 0.00000000e+00, 0.00000000e+00, 0.00000000e+00, 0.00000000e+00, 0.00000000e+00, -3.41574649e+00, -5.88483679e-01, -6.35777868e-01, 2.52940974e+00, 0.00000000e+00, 3.0000000000, 25.0000000000, 0.2597331484
          62, 0.00000000e+00, 0.00000000e+00, 0.00000000e+00, 0.00000000e+00, 0.00000000e+00, 0.00000000e+00, 0.00000000e+00, 0.00000000e+00, 0.00000000e+00, 0.00000000e+00, -3.39767193e+00, -6.03810955e-01, -6.59528711e-01, 2.51440263e+00, 0.00000000e+00, 3.0000000000, 25.0000000000, 0.2637186170
          63, 0.00000000e+00, 0.00000000e+00, 0.00000000e+00, 0.00000000e+00, 0.00000000e+00, 0.00000000e+00, 0.00000000e+00, 0.00000000e+00, 0.00000000e+00, 0.00000000e+00, -3.35285360e+00, -5.95032068e-01, -6.33720398e-01, 2.51814978e+00, 0.00000000e+00, 3.0000000000, 25.0000000000, 0.2680920005
          64, 0.00000000e+00, 0.00000000e+00, 0.00000000e+00, 0.00000000e+00, 0.00000000e+00, 0.00000000e+00, 0.00000000e+00, 0.00000000e+00, 0.00000000e+00, 0.00000000e+00, -3.36320817e+00, -5.85871710e-01, -6.47570423e-01, 2.53819149e+00, 0.00000000e+00, 3.0000000000, 25.0000000000, 0.2723718166
          65, 0.00000000e+00, 0.00000000e+00, 0.00000000e+00, 0.00000000e+00, 0.00000000e+00, 0.00000000e+00, 0.00000000e+00, 0.00000000e+00, 0.00000000e+00, 0.00000000e+00, -3.39930976e+00, -5.88388788e-01, -6.41049678e-01, 2.53712575e+00, 0.00000000e+00, 3.0000000000, 25.0000000000, 0.2766265988
          66, 0.00000000e+00, 0.00000000e+00, 0.00000000e+00, 0.00000000e+00, 0.00000000e+00, 0.00000000e+00, 0.00000000e+00, 0.00000000e+00, 0.00000000e+00, 0.00000000e+00, -3.37417386e+00, -5.76923510e-01, -6.22060518e-01, 2.54214526e+00, 0.00000000e+00, 3.0000000000, 25.0000000000, 0.2806879997
          67, 0.00000000e+00, 0.00000000e+00, 0.00000000e+00, 0.00000000e+00, 0.00000000e+00, 0.00000000e+00, 0.00000000e+00, 0.00000000e+00, 0.00000000e+00, 0.00000000e+00, -3.37164338e+00, -5.87989451e-01, -6.30924298e-01, 2.54195184e+00, 0.00000000e+00, 3.0000000000, 25.0000000000, 0.2851150990
          68, 0.00000000e+00, 0.00000000e+00, 0.00000000e+00, 0.00000000e+00, 0.00000000e+00, 0.00000000e+00, 0.00000000e+00, 0.00000000e+00, 0.00000000e+00, 0.00000000e+00, -3.40228749e+00, -5.87490891e-01, -6.48162759e-01, 2.53230490e+00, 0.00000000e+00, 3.0000000000, 25.0000000000, 0.2891553322
          69, 0.00000000e+00, 0.00000000e+00, 0.00000000e+00, 0.00000000e+00, 0.00000000e+00, 0.00000000e+00, 0.00000000e+00, 0.00000000e+00, 0.00000000e+00, 0.00000000e+00, -3.36789153e+00, -5.66199784e-01, -6.08650920e-01, 2.54717690e+00, 0.00000000e+00, 3.0000000000, 25.0000000000, 0.2934292475
          70, 0.00000000e+00, 0.00000000e+00, 0.00000000e+00, 0.00000000e+00, 0.00000000e+00, 0.00000000e+00, 0.00000000e+00, 0.00000000e+00, 0.00000000e+00, 0.00000000e+00, -3.36266477e+00, -5.71409275e-01, -6.23658329e-01, 2.54095321e+00, 0.00000000e+00, 3.0000000000, 25.0000000000, 0.2977076968
          71, 0.00000000e+00, 0.00000000e+00, 0.00000000e+00, 0.00000000e+00, 0.00000000e+00, 0.00000000e+00, 0.00000000e+00, 0.00000000e+00, 0.00000000e+00, 0.00000000e+00, -3.36333574e+00, -5.90353715e-01, -6.41671969e-01, 2.53315503e+00, 0.00000000e+00, 3.0000000000, 25.0000000000, 0.3019426147
          72, 0.00000000e+00, 0.00000000e+00, 0.00000000e+00, 0.00000000e+00, 0.00000000e+00, 0.00000000e+00, 0.00000000e+00, 0.00000000e+00, 0.00000000e+00, 0.00000000e+00, -3.36500150e+00, -5.80844572e-01, -6.46838047e-01, 2.53828612e+00, 0.00000000e+00, 3.0000000000, 25.0000000000, 0.3060303330
          73, 0.00000000e+00, 0.00000000e+00, 0.00000000e+00, 0.00000000e+00, 0.00000000e+00, 0.00000000e+00, 0.00000000e+00, 0.00000000e+00, 0.00000000e+00, 0.00000000e+00, -3.41636995e+00, -5.88557180e-01, -6.55578663e-01, 2.52814384e+00, 0.00000000e+00, 3.0000000000, 25.0000000000, 0.3102240165
          74, 0.00000000e+00, 0.00000000e+00, 0.00000000e+00, 0.00000000e+00, 0.00000000e+00, 0.00000000e+00, 0.00000000e+00, 0.00000000e+00, 0.00000000e+00, 0.00000000e+00, -3.42488698e+00, -5.88192854e-01, -6.76841261e-01, 2.52311351e+00, 0.00000000e+00, 3.0000000000, 25.0000000000, 0.3144525488
          75, 0.00000000e+00, 0.00000000e+00, 0.00000000e+00, 0.00000000e+00, 0.00000000e+00, 0.00000000e+00, 0.00000000e+00, 0.00000000e+00, 0.00000000e+00, 0.00000000e+00, -3.42401526e+00, -5.93601620e-01, -6.47679269e-01, 2.52250433e+00, 0.00000000e+00, 3.0000000000, 25.0000000000, 0.3187783996
          76, 0.00000000e+00, 0.00000000e+00, 0.00000000e+00, 0.00000000e+00, 0.00000000e+00, 0.00000000e+00, 0.00000000e+00, 0.00000000e+00, 0.00000000e+00, 0.00000000e+00, -3.39871327e+00, -5.88990269e-01, -6.66255932e-01, 2.52781152e+00, 0.00000000e+00, 3.0000000000, 25.0000000000, 0.3228828311
          77, 0.00000000e+00, 0.00000000e+00, 0.00000000e+00, 0.00000000e+00, 0.00000000e+00, 0.00000000e+00, 0.00000000e+00, 0.00000000e+00, 0.00000000e+00, 0.00000000e+00, -3.44048626e+00, -6.07442888e-01, -6.71594577e-01, 2.51100647e+00, 0.00000000e+00, 3.0000000000, 25.0000000000, 0.3271421313
          78, 0.00000000e+00, 0.00000000e+00, 0.00000000e+00, 0.00000000e+00, 0.00000000e+00, 0.00000000e+00, 0.00000000e+00, 0.00000000e+00, 0.00000000e+00, 0.00000000e+00, -3.41134729e+00, -5.82275019e-01, -6.10220235e-01, 2.53931789e+00, 0.00000000e+00, 3.0000000000, 25.0000000000, 0.3311334133
          79, 0.00000000e+00, 0.00000000e+00, 0.00000000e+00, 0.00000000e+00, 0.00000000e+00, 0.00000000e+00, 0.00000000e+00, 0.00000000e+00, 0.00000000e+00, 0.00000000e+00, -3.42305791e+00, -5.92354497e-01, -6.65384056e-01, 2.52834299e+00, 0.00000000e+00, 3.0000000000, 25.0000000000, 0.3353736639
          80, 0.00000000e+00, 0.00000000e+00, 0.00000000e+00, 0.00000000e+00, 0.00000000e+00, 0.00000000e+00, 0.00000000e+00, 0.00000000e+00, 0.00000000e+00, 0.00000000e+00, -3.42037823e+00, -5.92601895e-01, -6.79940975e-01, 2.52333751e+00, 0.00000000e+00, 3.0000000000, 25.0000000000, 0.3394201159
          81, 0.00000000e+00, 0.00000000e+00, 0.00000000e+00, 0.00000000e+00, 0.00000000e+00, 0.00000000e+00, 0.00000000e+00, 0.00000000e+00, 0.00000000e+00, 0.00000000e+00, -3.40117449e+00, -5.71460529e-01, -6.53292071e-01, 2.54494505e+00, 0.00000000e+00, 3.0000000000, 25.0000000000, 0.3434120138
          82, 0.00000000e+00, 0.00000000e+00, 0.00000000e+00, 0.00000000e+00, 0.00000000e+00, 0.00000000e+00, 0.00000000e+00, 0.00000000e+00, 0.00000000e+00, 0.00000000e+00, -3.39089276e+00, -5.61077600e-01, -6.46622036e-01, 2.55437314e+00, 0.00000000e+00, 3.0000000000, 25.0000000000, 0.3477107167
          83, 0.00000000e+00, 0.00000000e+00, 0.00000000e+00, 0.00000000e+00, 0.00000000e+00, 0.00000000e+00, 0.00000000e+00, 0.00000000e+00, 0.00000000e+00, 0.00000000e+00, -3.43039547e+00, -5.95544068e-01, -6.12064168e-01, 2.52405422e+00, 0.00000000e+00, 3.0000000000, 25.0000000000, 0.3518634637
          84, 0.00000000e+00, 0.00000000e+00, 0.00000000e+00, 0.00000000e+00, 0.00000000e+00, 0.00000000e+00, 0.00000000e+00, 0.00000000e+00, 0.00000000e+00, 0.00000000e+00, -3.40053314e+00, -5.76287345e-01, -6.45195838e-01, 2.54332119e+00, 0.00000000e+00, 3.0000000000, 25.0000000000, 0.3560262481
          85, 0.00000000e+00, 0.00000000e+00, 0.00000000e+00, 0.00000000e+00, 0.00000000e+00, 0.00000000e+00, 0.00000000e+00, 0.00000000e+00, 0.00000000e+00, 0.00000000e+00, -3.38141595e+00, -5.79678940e-01, -6.41572079e-01, 2.54066163e+00, 0.00000000e+00, 3.0000000000, 25.0000000000, 0.3601475159
          86, 0.00000000e+00, 0.00000000e+00, 0.00000000e+00, 0.00000000e+00, 0.00000000e+00, 0.00000000e+00, 0.00000000e+00, 0.00000000e+00, 0.00000000e+00, 0.00000000e+00, -3.33464022e+00, -5.69932842e-01, -6.24742929e-01, 2.54857973e+00, 0.00000000e+00, 3.0000000000, 25.0000000000, 0.3643539310
          87, 0.00000000e+00, 0.00000000e+00, 0.00000000e+00, 0.00000000e+00, 0.00000000e+00, 0.00000000e+00, 0.00000000e+00, 0.00000000e+00, 0.00000000e+00, 0.00000000e+00, -3.35040412e+00, -5.59715395e-01, -6.33676147e-01, 2.55657202e+00, 0.00000000e+00, 3.0000000000, 25.0000000000, 0.3683894634
          88, 0.00000000e+00, 0.00000000e+00, 0.00000000e+00, 0.00000000e+00, 0.00000000e+00, 0.00000000e+00, 0.00000000e+00, 0.00000000e+00, 0.00000000e+00, 0.00000000e+00, -3.37775416e+00, -5.52939010e-01, -6.19273309e-01, 2.56067285e+00, 0.00000000e+00, 3.0000000000, 25.0000000000, 0.3726730466
          89, 0.00000000e+00, 0.00000000e+00, 0.00000000e+00, 0.00000000e+00, 0.00000000e+00, 0.00000000e+00, 0.00000000e+00, 0.00000000e+00, 0.00000000e+00, 0.00000000e+00, -3.36566748e+00, -5.68399499e-01, -6.11227042e-01, 2.54677345e+00, 0.00000000e+00, 3.0000000000, 25.0000000000, 0.3767305493
          90, 0.00000000e+00, 0.00000000e+00, 0.00000000e+00, 0.00000000e+00, 0.00000000e+00, 0.00000000e+00, 0.00000000e+00, 0.00000000e+00, 0.00000000e+00, 0.00000000e+00, -3.33981234e+00, -5.43967636e-01, -6.01478050e-01, 2.57392634e+00, 0.00000000e+00, 3.0000000000, 25.0000000000, 0.3808452805
          91, 0.00000000e+00, 0.00000000e+00, 0.00000000e+00, 0.00000000e+00, 0.00000000e+00, 0.00000000e+00, 0.00000000e+00, 0.00000000e+00, 0.00000000e+00, 0.00000000e+00, -3.33904061e+00, -5.47626582e-01, -6.16992063e-01, 2.56958813e+00, 0.00000000e+00, 3.0000000000, 25.0000000000, 0.3849255323
          92, 0.00000000e+00, 0.00000000e+00, 0.00000000e+00, 0.00000000e+00, 0.00000000e+00, 0.00000000e+00, 0.00000000e+00, 0.00000000e+00, 0.00000000e+00, 0.00000000e+00, -3.34507480e+00, -5.43314648e-01, -6.25053261e-01, 2.56576346e+00, 0.00000000e+00, 3.0000000000, 25.0000000000, 0.3892553329
          93, 0.00000000e+00, 0.00000000e+00, 0.00000000e+00, 0.00000000e+00, 0.00000000e+00, 0.00000000e+00, 0.00000000e+00, 0.00000000e+00, 0.00000000e+00, 0.00000000e+00, -3.36538359e+00, -5.28428678e-01, -6.09732397e-01, 2.57928746e+00, 0.00000000e+00, 3.0000000000, 25.0000000000, 0.3933256825
          94, 0.00000000e+00, 0.00000000e+00, 0.00000000e+00, 0.00000000e+00, 0.00000000e+00, 0.00000000e+00, 0.00000000e+00, 0.00000000e+00, 0.00000000e+00, 0.00000000e+00, -3.33266158e+00, -5.12484082e-01, -5.70604498e-01, 2.59545727e+00, 0.00000000e+00, 3.0000000000, 25.0000000000, 0.3975564321
          95, 0.00000000e+00, 0.00000000e+00, 0.00000000e+00, 0.00000000e+00, 0.00000000e+00, 0.00000000e+00, 0.00000000e+00, 0.00000000e+00, 0.00000000e+00, 0.00000000e+00, -3.34704072e+00, -5.37591258e-01, -6.01908392e-01, 2.57214590e+00, 0.00000000e+00, 3.0000000000, 25.0000000000, 0.4018758655
          96, 0.00000000e+00, 0.00000000e+00, 0.00000000e+00, 0.00000000e+00, 0.00000000e+00, 0.00000000e+00, 0.00000000e+00, 0.00000000e+00, 0.00000000e+00, 0.00000000e+00, -3.36226985e+00, -5.22909995e-01, -6.11666749e-01, 2.57833826e+00, 0.00000000e+00, 3.0000000000, 25.0000000000, 0.4064331492
          97, 0.00000000e+00, 0.00000000e+00, 0.00000000e+00, 0.00000000e+00, 0.00000000e+00, 0.00000000e+00, 0.00000000e+00, 0.00000000e+00, 0.00000000e+00, 0.00000000e+00, -3.35465259e+00, -5.24024784e-01, -5.86295356e-01, 2.57176385e+00, 0.00000000e+00, 3.0000000000, 25.0000000000, 0.4105306466
          98, 0.00000000e+00, 0.00000000e+00, 0.00000000e+00, 0.00000000e+00, 0.00000000e+00, 0.00000000e+00, 0.00000000e+00, 0.00000000e+00, 0.00000000e+00, 0.00000000e+00, -3.34218221e+00, -5.26741527e-01, -5.95273661e-01, 2.58068356e+00, 0.00000000e+00, 3.0000000000, 25.0000000000, 0.4146105647
          99, 0.00000000e+00, 0.00000000e+00, 0.00000000e+00, 0.00000000e+00, 0.00000000e+00, 0.00000000e+00, 0.00000000e+00, 0.00000000e+00, 0.00000000e+00, 0.00000000e+00, -3.35877645e+00, -5.14577484e-01, -6.05458946e-01, 2.58532681e+00, 0.00000000e+00, 3.0000000000, 25.0000000000, 0.4186306318
         100, 0.00000000e+00, 0.00000000e+00, 0.00000000e+00, 0.00000000e+00, 0.00000000e+00, 0.00000000e+00, 0.00000000e+00, 0.00000000e+00, 0.00000000e+00, 0.00000000e+00, -3.33274969e+00, -4.97470963e-01, -5.76465670e-01, 2.59814125e+00, 0.00000000e+00, 3.0000000000, 25.0000000000, 0.4227530638
         101, 0.00000000e+00, 0.00000000e+00, 0.00000000e+00, 0.00000000e+00, 0.00000000e+00, 0.00000000e+00, 0.00000000e+00, 0.00000000e+00, 0.00000000e+00, 0.00000000e+00, -3.35099899e+00, -5.26349776e-01, -6.02735954e-01, 2.57017592e+00, 0.00000000e+00, 3.0000000000, 25.0000000000, 0.4268268307
         102, 0.00000000e+00, 0.00000000e+00, 0.00000000e+00, 0.00000000e+00, 0.00000000e+00, 0.00000000e+00, 0.00000000e+00, 0.00000000e+00, 0.00000000e+00, 0.00000000e+00, -3.37620498e+00, -5.21473670e-01, -6.17417526e-01, 2.57313704e+00, 0.00000000e+00, 3.0000000000, 25.0000000000, 0.4311743975
         103, 0.00000000e+00, 0.00000000e+00, 0.00000000e+00, 0.00000000e+00, 0.00000000e+00, 0.00000000e+00, 0.00000000e+00, 0.00000000e+00, 0.00000000e+00, 0.00000000e+00, -3.38364179e+00, -5.32409012e-01, -6.31337742e-01, 2.56264950e+00, 0.00000000e+00, 3.0000000000, 25.0000000000, 0.4353403330
         104, 0.00000000e+00, 0.00000000e+00, 0.00000000e+00, 0.00000000e+00, 0.00000000e+00, 0.00000000e+00, 0.00000000e+00, 0.00000000e+00, 0.00000000e+00, 0.00000000e+00, -3.39253234e+00, -5.32267299e-01, -5.90908869e-01, 2.56799103e+00, 0.00000000e+00, 3.0000000000, 25.0000000000, 0.4394942482
         105, 0.00000000e+00, 0.00000000e+00, 0.00000000e+00, 0.00000000e+00, 0.00000000e+00, 0.00000000e+00, 0.00000000e+00, 0.00000000e+00, 0.00000000e+00, 0.00000000e+00, -3.35705985e+00, -5.04193011e-01, -5.93895224e-01, 2.59913724e+00, 0.00000000e+00, 3.0000000000, 25.0000000000, 0.4435441136
         106, 0.00000000e+00, 0.00000000e+00, 0.00000000e+00, 0.00000000e+00, 0.00000000e+00, 0.00000000e+00, 0.00000000e+00, 0.00000000e+00, 0.00000000e+00, 0.00000000e+00, -3.34944598e+00, -4.95628395e-01, -5.90765266e-01, 2.60390223e+00, 0.00000000e+00, 3.0000000000, 25.0000000000, 0.4475717306
         107, 0.00000000e+00, 0.00000000e+00, 0.00000000e+00, 0.00000000e+00, 0.00000000e+00, 0.00000000e+00, 0.00000000e+00, 0.00000000e+00, 0.00000000e+00, 0.00000000e+00, -3.32028834e+00, -5.09943368e-01, -5.84889741e-01, 2.59554025e+00, 0.00000000e+00, 3.0000000000, 25.0000000000, 0.4517138998
         108, 0.00000000e+00, 0.00000000e+00, 0.00000000e+00, 0.00000000e+00, 0.00000000e+00, 0.00000000e+00, 0.00000000e+00, 0.00000000e+00, 0.00000000e+00, 0.00000000e+00, -3.30815639e+00, -4.99147290e-01, -5.86334608e-01, 2.60192382e+00, 0.00000000e+00, 3.0000000000, 25.0000000000, 0.4557802002
         109, 0.00000000e+00, 0.00000000e+00, 0.00000000e+00, 0.00000000e+00, 0.00000000e+00, 0.00000000e+00, 0.00000000e+00, 0.00000000e+00, 0.00000000e+00, 0.00000000e+00, -3.35191404e+00, -5.14363910e-01, -5.96642551e-01, 2.59073609e+00, 0.00000000e+00, 3.0000000000, 25.0000000000, 0.4599347989
         110, 0.00000000e+00, 0.00000000e+00, 0.00000000e+00, 0.00000000e+00, 0.00000000e+00, 0.00000000e+00, 0.00000000e+00, 0.00000000e+00, 0.00000000e+00, 0.00000000e+00, -3.34675174e+00, -5.13506768e-01, -5.93081467e-01, 2.57886029e+00, 0.00000000e+00, 3.0000000000, 25.0000000000, 0.4641576807
         111, 0.00000000e+00, 0.00000000e+00, 0.00000000e+00, 0.00000000e+00, 0.00000000e+00, 0.00000000e+00, 0.00000000e+00, 0.00000000e+00, 0.00000000e+00, 0.00000000e+00, -3.33503816e+00, -5.01589538e-01, -5.92419767e-01, 2.58870739e+00, 0.00000000e+00, 3.0000000000, 25.0000000000, 0.4683090329
         112, 0.00000000e+00, 0.00000000e+00, 0.00000000e+00, 0.00000000e+00, 0.00000000e+00, 0.00000000e+00, 0.00000000e+00, 0.00000000e+00, 0.00000000e+00, 0.00000000e+00, -3.34724009e+00, -4.94189982e-01, -5.91909920e-01, 2.59800228e+00, 0.00000000e+00, 3.0000000000, 25.0000000000, 0.4724994659
         113, 0.00000000e+00, 0.00000000e+00, 0.00000000e+00, 0.00000000e+00, 0.00000000e+00, 0.00000000e+00, 0.00000000e+00, 0.00000000e+00, 0.00000000e+00, 0.00000000e+00, -3.33472756e+00, -5.05831283e-01, -5.71630713e-01, 2.59542421e+00, 0.00000000e+00, 3.0000000000, 25.0000000000, 0.4767878334
         114, 0.00000000e+00, 0.00000000e+00, 0.00000000e+00, 0.00000000e+00, 0.00000000e+00, 0.00000000e+00, 0.00000000e+00, 0.00000000e+00, 0.00000000e+00, 0.00000000e+00, -3.33131359e+00, -5.03447036e-01, -5.88167361e-01, 2.59327041e+00, 0.00000000e+00, 3.0000000000, 25.0000000000, 0.4808185816
         115, 0.00000000e+00, 0.00000000e+00, 0.00000000e+00, 0.00000000e+00, 0.00000000e+00, 0.00000000e+00, 0.00000000e+00, 0.00000000e+00, 0.00000000e+00, 0.00000000e+00, -3.36556858e+00, -5.19628902e-01, -6.11461462e-01, 2.57585924e+00, 0.00000000e+00, 3.0000000000, 25.0000000000, 0.4848372300
         116, 0.00000000e+00, 0.00000000e+00, 0.00000000e+00, 0.00000000e+00, 0.00000000e+00, 0.00000000e+00, 0.00000000e+00, 0.00000000e+00, 0.00000000e+00, 0.00000000e+00, -3.34802453e+00, -5.14247773e-01, -5.90204824e-01, 2.57708298e+00, 0.00000000e+00, 3.0000000000, 25.0000000000, 0.4889911652
         117, 0.00000000e+00, 0.00000000e+00, 0.00000000e+00, 0.00000000e+00, 0.00000000e+00, 0.00000000e+00, 0.00000000e+00, 0.00000000e+00, 0.00000000e+00, 0.00000000e+00, -3.32141067e+00, -4.94950326e-01, -5.72708368e-01, 2.60678804e+00, 0.00000000e+00, 3.0000000000, 25.0000000000, 0.4932818492
         118, 0.00000000e+00, 0.00000000e+00, 0.00000000e+00, 0.00000000e+00, 0.00000000e+00, 0.00000000e+00, 0.00000000e+00, 0.00000000e+00, 0.00000000e+00, 0.00000000e+00, -3.34222874e+00, -4.91936666e-01, -5.88142930e-01, 2.60442024e+00, 0.00000000e+00, 3.0000000000, 25.0000000000, 0.4973117471
         119, 0.00000000e+00, 0.00000000e+00, 0.00000000e+00, 0.00000000e+00, 0.00000000e+00, 0.00000000e+00, 0.00000000e+00, 0.00000000e+00, 0.00000000e+00, 0.00000000e+00, -3.34327570e+00, -5.11886336e-01, -5.86043084e-01, 2.58259159e+00, 0.00000000e+00, 3.0000000000, 25.0000000000, 0.5013407151
         120, 0.00000000e+00, 0.00000000e+00, 0.00000000e+00, 0.00000000e+00, 0.00000000e+00, 0.00000000e+00, 0.00000000e+00, 0.00000000e+00, 0.00000000e+00, 0.00000000e+00, -3.33560012e+00, -5.05145255e-01, -5.92677550e-01, 2.58758210e+00, 0.00000000e+00, 3.0000000000, 25.0000000000, 0.5055046638
         121, 0.00000000e+00, 0.00000000e+00, 0.00000000e+00, 0.00000000e+00, 0.00000000e+00, 0.00000000e+00, 0.00000000e+00, 0.00000000e+00, 0.00000000e+00, 0.00000000e+00, -3.35488164e+00, -5.12702670e-01, -5.93365798e-01, 2.58979820e+00, 0.00000000e+00, 3.0000000000, 25.0000000000, 0.5095290979
         122, 0.00000000e+00, 0.00000000e+00, 0.00000000e+00, 0.00000000e+00, 0.00000000e+00, 0.00000000e+00, 0.00000000e+00, 0.00000000e+00, 0.00000000e+00, 0.00000000e+00, -3.33829512e+00, -5.10220426e-01, -5.86733459e-01, 2.59028105e+00, 0.00000000e+00, 3.0000000000, 25.0000000000, 0.5139723301
         123, 0.00000000e+00, 0.00000000e+00, 0.00000000e+00, 0.00000000e+00, 0.00000000e+00, 0.00000000e+00, 0.00000000e+00, 0.00000000e+00, 0.00000000e+00, 0.00000000e+00, -3.32844039e+00, -5.00868243e-01, -5.89721093e-01, 2.59751337e+00, 0.00000000e+00, 3.0000000000, 25.0000000000, 0.5180191477
         124, 0.00000000e+00, 0.00000000e+00, 0.00000000e+00, 0.00000000e+00, 0.00000000e+00, 0.00000000e+00, 0.00000000e+00, 0.00000000e+00, 0.00000000e+00, 0.00000000e+00, -3.33682591e+00, -4.92390859e-01, -5.83657602e-01, 2.61076417e+00, 0.00000000e+00, 3.0000000000, 25.0000000000, 0.5222611666
         125, 0.00000000e+00, 0.00000000e+00, 0.00000000e+00, 0.00000000e+00, 0.00000000e+00, 0.00000000e+00, 0.00000000e+00, 0.00000000e+00, 0.00000000e+00, 0.00000000e+00, -3.33807281e+00, -5.12661882e-01, -5.81324691e-01, 2.59090072e+00, 0.00000000e+00, 3.0000000000, 25.0000000000, 0.5265239994
         126, 0.00000000e+00, 0.00000000e+00, 0.00000000e+00, 0.00000000e+00, 0.00000000e+00, 0.00000000e+00, 0.00000000e+00, 0.00000000e+00, 0.00000000e+00, 0.00000000e+00, -3.33706206e+00, -5.08748033e-01, -5.93358687e-01, 2.58698525e+00, 0.00000000e+00, 3.0000000000, 25.0000000000, 0.5306227167
         127, 0.00000000e+00, 0.00000000e+00, 0.00000000e+00, 0.00000000e+00, 0.00000000e+00, 0.00000000e+00, 0.00000000e+00, 0.00000000e+00, 0.00000000e+00, 0.00000000e+00, -3.36261288e+00, -5.19584797e-01, -6.10029680e-01, 2.58085550e+00, 0.00000000e+00, 3.0000000000, 25.0000000000, 0.5347289642
         128, 0.00000000e+00, 0.00000000e+00, 0.00000000e+00, 0.00000000e+00, 0.00000000e+00, 0.00000000e+00, 0.00000000e+00, 0.00000000e+00, 0.00000000e+00, 0.00000000e+00, -3.33854485e+00, -5.13189416e-01, -5.83374094e-01, 2.59077005e+00, 0.00000000e+00, 3.0000000000, 25.0000000000, 0.5389468988
         129, 0.00000000e+00, 0.00000000e+00, 0.00000000e+00, 0.00000000e+00, 0.00000000e+00, 0.00000000e+00, 0.00000000e+00, 0.00000000e+00, 0.00000000e+00, 0.00000000e+00, -3.32850350e+00, -5.02381988e-01, -5.83159558e-01, 2.59784953e+00, 0.00000000e+00, 3.0000000000, 25.0000000000, 0.5432086150
         130, 0.00000000e+00, 0.00000000e+00, 0.00000000e+00, 0.00000000e+00, 0.00000000e+00, 0.00000000e+00, 0.00000000e+00, 0.00000000e+00, 0.00000000e+00, 0.00000000e+00, -3.34601551e+00, -4.95781341e-01, -5.88224648e-01, 2.59955132e+00, 0.00000000e+00, 3.0000000000, 25.0000000000, 0.5472806493
         131, 0.00000000e+00, 0.00000000e+00, 0.00000000e+00, 0.00000000e+00, 0.00000000e+00, 0.00000000e+00, 0.00000000e+00, 0.00000000e+00, 0.00000000e+00, 0.00000000e+00, -3.34567693e+00, -5.15420279e-01, -5.85516840e-01, 2.57940637e+00, 0.00000000e+00, 3.0000000000, 25.0000000000, 0.5514373144
         132, 0.00000000e+00, 0.00000000e+00, 0.00000000e+00, 0.00000000e+00, 0.00000000e+00, 0.00000000e+00, 0.00000000e+00, 0.00000000e+00, 0.00000000e+00, 0.00000000e+00, -3.33080767e+00, -5.07071799e-01, -5.87596030e-01, 2.59395964e+00, 0.00000000e+00, 3.0000000000, 25.0000000000, 0.5554298480
         133, 0.00000000e+00, 0.00000000e+00, 0.00000000e+00, 0.00000000e+00, 0.00000000e+00, 0.00000000e+00, 0.00000000e+00, 0.00000000e+00, 0.00000000e+00, 0.00000000e+00, -3.36033536e+00, -5.16204644e-01, -6.01289316e-01, 2.58336705e+00, 0.00000000e+00, 3.0000000000, 25.0000000000, 0.5597660820
         134, 0.00000000e+00, 0.00000000e+00, 0.00000000e+00, 0.00000000e+00, 0.00000000e+00, 0.00000000e+00, 0.00000000e+00, 0.00000000e+00, 0.00000000e+00, 0.00000000e+00, -3.34211290e+00, -5.10534042e-01, -5.88079041e-01, 2.58506838e+00, 0.00000000e+00, 3.0000000000, 25.0000000000, 0.5639463822
         135, 0.00000000e+00, 0.00000000e+00, 0.00000000e+00, 0.00000000e+00, 0.00000000e+00, 0.00000000e+00, 0.00000000e+00, 0.00000000e+00, 0.00000000e+00, 0.00000000e+00, -3.32851066e+00, -4.98875108e-01, -5.86621921e-01, 2.59719309e+00, 0.00000000e+00, 3.0000000000, 25.0000000000, 0.5683558981
         136, 0.00000000e+00, 0.00000000e+00, 0.00000000e+00, 0.00000000e+00, 0.00000000e+00, 0.00000000e+00, 0.00000000e+00, 0.00000000e+00, 0.00000000e+00, 0.00000000e+00, -3.34217715e+00, -4.93076726e-01, -5.93012725e-01, 2.60405347e+00, 0.00000000e+00, 3.0000000000, 25.0000000000, 0.5724276662
         137, 0.00000000e+00, 0.00000000e+00, 0.00000000e+00, 0.00000000e+00, 0.00000000e+00, 0.00000000e+00, 0.00000000e+00, 0.00000000e+00, 0.00000000e+00, 0.00000000e+00, -3.34603921e+00, -5.14405010e-01, -5.83672576e-01, 2.58032561e+00, 0.00000000e+00, 3.0000000000, 25.0000000000, 0.5767070134
         138, 0.00000000e+00, 0.00000000e+00, 0.00000000e+00, 0.00000000e+00, 0.00000000e+00, 0.00000000e+00, 0.00000000e+00, 0.00000000e+00, 0.00000000e+00, 0.00000000e+00, -3.33168907e+00, -5.08867678e-01, -5.87857830e-01, 2.59372633e+00, 0.00000000e+00, 3.0000000000, 25.0000000000, 0.5809227308
         139, 0.00000000e+00, 0.00000000e+00, 0.00000000e+00, 0.00000000e+00, 0.00000000e+00, 0.00000000e+00, 0.00000000e+00, 0.00000000e+00, 0.00000000e+00, 0.00000000e+00, -3.35694787e+00, -5.17588300e-01, -6.01038312e-01, 2.58729088e+00, 0.00000000e+00, 3.0000000000, 25.0000000000, 0.5851887147
         140, 0.00000000e+00, 0.00000000e+00, 0.00000000e+00, 0.00000000e+00, 0.00000000e+00, 0.00000000e+00, 0.00000000e+00, 0.00000000e+00, 0.00000000e+00, 0.00000000e+00, -3.34130876e+00, -5.12983954e-01, -5.87524323e-01, 2.58645976e+00, 0.00000000e+00, 3.0000000000, 25.0000000000, 0.5894305984
         141, 0.00000000e+00, 0.00000000e+00, 0.00000000e+00, 0.00000000e+00, 0.00000000e+00, 0.00000000e+00, 0.00000000e+00, 0.00000000e+00, 0.00000000e+00, 0.00000000e+00, -3.32035453e+00, -4.98135850e-01, -5.75742848e-01, 2.60843222e+00, 0.00000000e+00, 3.0000000000, 25.0000000000, 0.5936668634
         142, 0.00000000e+00, 0.00000000e+00, 0.00000000e+00, 0.00000000e+00, 0.00000000e+00, 0.00000000e+00, 0.00000000e+00, 0.00000000e+00, 0.00000000e+00, 0.00000000e+00, -3.33435501e+00, -4.89593491e-01, -5.77674737e-01, 2.61394699e+00, 0.00000000e+00, 3.0000000000, 25.0000000000, 0.5979056319
         143, 0.00000000e+00, 0.00000000e+00, 0.00000000e+00, 0.00000000e+00, 0.00000000e+00, 0.00000000e+00, 0.00000000e+00, 0.00000000e+00, 0.00000000e+00, 0.00000000e+00, -3.33606185e+00, -5.11474591e-01, -5.80865053e-01, 2.59201521e+00, 0.00000000e+00, 3.0000000000, 25.0000000000, 0.6022353490
         144, 0.00000000e+00, 0.00000000e+00, 0.00000000e+00, 0.00000000e+00, 0.00000000e+00, 0.00000000e+00, 0.00000000e+00, 0.00000000e+00, 0.00000000e+00, 0.00000000e+00, -3.32558019e+00, -5.05510839e-01, -5.84234434e-01, 2.60090411e+00, 0.00000000e+00, 3.0000000000, 25.0000000000, 0.6062973142
         145, 0.00000000e+00, 0.00000000e+00, 0.00000000e+00, 0.00000000e+00, 0.00000000e+00, 0.00000000e+00, 0.00000000e+00, 0.00000000e+00, 0.00000000e+00, 0.00000000e+00, -3.35016802e+00, -5.11505328e-01, -5.91390404e-01, 2.59572003e+00, 0.00000000e+00, 3.0000000000, 25.0000000000, 0.6105950475
         146, 0.00000000e+00, 0.00000000e+00, 0.00000000e+00, 0.00000000e+00, 0.00000000e+00, 0.00000000e+00, 0.00000000e+00, 0.00000000e+00, 0.00000000e+00, 0.00000000e+00, -3.33507557e+00, -5.07611623e-01, -5.82147823e-01, 2.59428017e+00, 0.00000000e+00, 3.0000000000, 25.0000000000, 0.6146258156
         147, 0.00000000e+00, 0.00000000e+00, 0.00000000e+00, 0.00000000e+00, 0.00000000e+00, 0.00000000e+00, 0.00000000e+00, 0.00000000e+00, 0.00000000e+00, 0.00000000e+00, -3.32056105e+00, -4.96528515e-01, -5.79579987e-01, 2.60762322e+00, 0.00000000e+00, 3.0000000000, 25.0000000000, 0.6189869165
         148, 0.00000000e+00, 0.00000000e+00, 0.00000000e+00, 0.00000000e+00, 0.00000000e+00, 0.00000000e+00, 0.00000000e+00, 0.00000000e+00, 0.00000000e+00, 0.00000000e+00, -3.33517093e+00, -4.89790381e-01, -5.82018434e-01, 2.61271052e+00, 0.00000000e+00, 3.0000000000, 25.0000000000, 0.6230131666
         149, 0.00000000e+00, 0.00000000e+00, 0.00000000e+00, 0.00000000e+00, 0.00000000e+00, 0.00000000e+00, 0.00000000e+00, 0.00000000e+00, 0.00000000e+00, 0.00000000e+00, -3.33370334e+00, -5.08303269e-01, -5.73445677e-01, 2.59608365e+00, 0.00000000e+00, 3.0000000000, 25.0000000000, 0.6273671150
         150, 0.00000000e+00, 0.00000000e+00, 0.00000000e+00, 0.00000000e+00, 0.00000000e+00, 0.00000000e+00, 0.00000000e+00, 0.00000000e+00, 0.00000000e+00, 0.00000000e+00, -3.32253539e+00, -5.01516204e-01, -5.81969166e-01, 2.60526606e+00, 0.00000000e+00, 3.0000000000, 25.0000000000, 0.6314731836
         151, 0.00000000e+00, 0.00000000e+00, 0.00000000e+00, 0.00000000e+00, 0.00000000e+00, 0.00000000e+00, 0.00000000e+00, 0.00000000e+00, 0.00000000e+00, 0.00000000e+00, -3.37119660e+00, -5.58373686e-01, -6.35207868e-01, 2.55149888e+00, 0.00000000e+00, 3.0000000000, 25.0000000000, 0.6350795150
         152, 0.00000000e+00, 0.00000000e+00, 0.00000000e+00, 0.00000000e+00, 0.00000000e+00, 0.00000000e+00, 0.00000000e+00, 0.00000000e+00, 0.00000000e+00, 0.00000000e+00, -3.40508119e+00, -5.93566916e-01, -6.69531618e-01, 2.51600011e+00, 0.00000000e+00, 3.0000000000, 25.0000000000, 0.6387395978
         153, 0.00000000e+00, 0.00000000e+00, 0.00000000e+00, 0.00000000e+00, 0.00000000e+00, 0.00000000e+00, 0.00000000e+00, 0.00000000e+00, 0.00000000e+00, 0.00000000e+00, -3.43997245e+00, -6.29605396e-01, -7.03259523e-01, 2.47962268e+00, 0.00000000e+00, 3.0000000000, 25.0000000000, 0.6424358805
         154, 0.00000000e+00, 0.00000000e+00, 0.00000000e+00, 0.00000000e+00, 0.00000000e+00, 0.00000000e+00, 0.00000000e+00, 0.00000000e+00, 0.00000000e+00, 0.00000000e+00, -3.47585134e+00, -6.66478561e-01, -7.36511810e-01, 2.44239231e+00, 0.00000000e+00, 3.0000000000, 25.0000000000, 0.6460136970
         155, 0.00000000e+00, 0.00000000e+00, 0.00000000e+00, 0.00000000e+00, 0.00000000e+00, 0.00000000e+00, 0.00000000e+00, 0.00000000e+00, 0.00000000e+00, 0.00000000e+00, -3.51264684e+00, -7.04144935e-01, -7.69364913e-01, 2.40436519e+00, 0.00000000e+00, 3.0000000000, 25.0000000000, 0.6497485161
         156, 0.00000000e+00, 0.00000000e+00, 0.00000000e+00, 0.00000000e+00, 0.00000000e+00, 0.00000000e+00, 0.00000000e+00, 0.00000000e+00, 0.00000000e+00, 0.00000000e+00, -3.55025203e+00, -7.42540383e-01, -8.01860682e-01, 2.36561951e+00, 0.00000000e+00, 3.0000000000, 25.0000000000, 0.6534045498
         157, 0.00000000e+00, 0.00000000e+00, 0.00000000e+00, 0.00000000e+00, 0.00000000e+00, 0.00000000e+00, 0.00000000e+00, 0.00000000e+00, 0.00000000e+00, 0.00000000e+00, -3.58853504e+00, -7.81583646e-01, -8.34014961e-01, 2.32624999e+00, 0.00000000e+00, 3.0000000000, 25.0000000000, 0.6569404324
         158, 0.00000000e+00, 0.00000000e+00, 0.00000000e+00, 0.00000000e+00, 0.00000000e+00, 0.00000000e+00, 0.00000000e+00, 0.00000000e+00, 0.00000000e+00, 0.00000000e+00, -3.62734677e+00, -8.21180125e-01, -8.65825326e-01, 2.28636395e+00, 0.00000000e+00, 3.0000000000, 25.0000000000, 0.6604531805
         159, 0.00000000e+00, 0.00000000e+00, 0.00000000e+00, 0.00000000e+00, 0.00000000e+00, 0.00000000e+00, 0.00000000e+00, 0.00000000e+00, 0.00000000e+00, 0.00000000e+00, -3.66652654e+00, -8.61224538e-01, -8.97277868e-01, 2.24607868e+00, 0.00000000e+00, 3.0000000000, 25.0000000000, 0.6642057816
         160, 0.00000000e+00, 0.00000000e+00, 0.00000000e+00, 0.00000000e+00, 0.00000000e+00, 0.00000000e+00, 0.00000000e+00, 0.00000000e+00, 0.00000000e+00, 0.00000000e+00, -3.70590650e+00, -9.01602884e-01, -9.28352969e-01, 2.20551935e+00, 0.00000000e+00, 3.0000000000, 25.0000000000, 0.6677625497
         161, 0.00000000e+00, 0.00000000e+00, 0.00000000e+00, 0.00000000e+00, 0.00000000e+00, 0.00000000e+00, 0.00000000e+00, 0.00000000e+00, 0.00000000e+00, 0.00000000e+00, -3.74531559e+00, -9.42194118e-01, -9.59030060e-01, 2.16481717e+00, 0.00000000e+00, 3.0000000000, 25.0000000000, 0.6714091659
         162, 0.00000000e+00, 0.00000000e+00, 0.00000000e+00, 0.00000000e+00, 0.00000000e+00, 0.00000000e+00, 0.00000000e+00, 0.00000000e+00, 0.00000000e+00, 0.00000000e+00, -3.78458338e+00, -9.82871786e-01, -9.89291391e-01, 2.12410758e+00, 0.00000000e+00, 3.0000000000, 25.0000000000, 0.6749750137
         163, 0.00000000e+00, 0.00000000e+00, 0.00000000e+00, 0.00000000e+00, 0.00000000e+00, 0.00000000e+00, 0.00000000e+00, 0.00000000e+00, 0.00000000e+00, 0.00000000e+00, -3.82354410e+00, -1.02350581e+00, -1.01912481e+00, 2.08352815e+00, 0.00000000e+00, 3.0000000000, 25.0000000000, 0.6784987171
         164, 0.00000000e+00, 0.00000000e+00, 0.00000000e+00, 0.00000000e+00, 0.00000000e+00, 0.00000000e+00, 0.00000000e+00, 0.00000000e+00, 0.00000000e+00, 0.00000000e+00, -3.86204083e+00, -1.06396455e+00, -1.04852559e+00, 2.04321617e+00, 0.00000000e+00, 3.0000000000, 25.0000000000, 0.6822486838
         165, 0.00000000e+00, 0.00000000e+00, 0.00000000e+00, 0.00000000e+00, 0.00000000e+00, 0.00000000e+00, 0.00000000e+00, 0.00000000e+00, 0.00000000e+00, 0.00000000e+00, -3.89992993e+00, -1.10411721e+00, -1.07749737e+00, 2.00330588e+00, 0.00000000e+00, 3.0000000000, 25.0000000000, 0.6859398325
         166, 0.00000000e+00, 0.00000000e+00, 0.00000000e+00, 0.00000000e+00, 0.00000000e+00, 0.00000000e+00, 0.00000000e+00, 0.00000000e+00, 0.00000000e+00, 0.00000000e+00, -3.93708520e+00, -1.14383662e+00, -1.10605231e+00, 1.96392537e+00, 0.00000000e+00, 3.0000000000, 25.0000000000, 0.6895855149
         167, 0.00000000e+00, 0.00000000e+00, 0.00000000e+00, 0.00000000e+00, 0.00000000e+00, 0.00000000e+00, 0.00000000e+00, 0.00000000e+00, 0.00000000e+00, 0.00000000e+00, -3.97340168e+00, -1.18300221e+00, -1.13421058e+00, 1.92519326e+00, 0.00000000e+00, 3.0000000000, 25.0000000000, 0.6930647492
         168, 0.00000000e+00, 0.00000000e+00, 0.00000000e+00, 0.00000000e+00, 0.00000000e+00, 0.00000000e+00, 0.00000000e+00, 0.00000000e+00, 0.00000000e+00, 0.00000000e+00, -4.00879858e+00, -1.22150311e+00, -1.16199930e+00, 1.88721546e+00, 0.00000000e+00, 3.0000000000, 25.0000000000, 0.6965663830
         169, 0.00000000e+00, 0.00000000e+00, 0.00000000e+00, 0.00000000e+00, 0.00000000e+00, 0.00000000e+00, 0.00000000e+00, 0.00000000e+00, 0.00000000e+00, 0.00000000e+00, -4.04322107e+00, -1.25924115e+00, -1.18945118e+00, 1.85008217e+00, 0.00000000e+00, 3.0000000000, 25.0000000000, 0.7002625982
         170, 0.00000000e+00, 0.00000000e+00, 0.00000000e+00, 0.00000000e+00, 0.00000000e+00, 0.00000000e+00, 0.00000000e+00, 0.00000000e+00, 0.00000000e+00, 0.00000000e+00, -4.07664066e+00, -1.29613345e+00, -1.21660299e+00, 1.81386550e+00, 0.00000000e+00, 3.0000000000, 25.0000000000, 0.7037709991
         171, 0.00000000e+00, 0.00000000e+00, 0.00000000e+00, 0.00000000e+00, 0.00000000e+00, 0.00000000e+00, 0.00000000e+00, 0.00000000e+00, 0.00000000e+00, 0.00000000e+00, -4.10905422e+00, -1.33211449e+00, -1.24349388e+00, 1.77861783e+00, 0.00000000e+00, 3.0000000000, 25.0000000000, 0.7074355483
         172, 0.00000000e+00, 0.00000000e+00, 0.00000000e+00, 0.00000000e+00, 0.00000000e+00, 0.00000000e+00, 0.00000000e+00, 0.00000000e+00, 0.00000000e+00, 0.00000000e+00, -4.14048161e+00, -1.36713735e+00, -1.27016391e+00, 1.74437114e+00, 0.00000000e+00, 3.0000000000, 25.0000000000, 0.7109957337
         173, 0.00000000e+00, 0.00000000e+00, 0.00000000e+00, 0.00000000e+00, 0.00000000e+00, 0.00000000e+00, 0.00000000e+00, 0.00000000e+00, 0.00000000e+00, 0.00000000e+00, -4.17096229e+00, -1.40117405e+00, -1.29665265e+00, 1.71113741e+00, 0.00000000e+00, 3.0000000000, 25.0000000000, 0.7144936999
         174, 0.00000000e+00, 0.00000000e+00, 0.00000000e+00, 0.00000000e+00, 0.00000000e+00, 0.00000000e+00, 0.00000000e+00, 0.00000000e+00, 0.00000000e+00, 0.00000000e+00, -4.20055127e+00, -1.43421496e+00, -1.32299803e+00, 1.67890995e+00, 0.00000000e+00, 3.0000000000, 25.0000000000, 0.7180155635
         175, 0.00000000e+00, 0.00000000e+00, 0.00000000e+00, 0.00000000e+00, 0.00000000e+00, 0.00000000e+00, 0.00000000e+00, 0.00000000e+00, 0.00000000e+00, 0.00000000e+00, -4.22931470e+00, -1.46626735e+00, -1.34923542e+00, 1.64766562e+00, 0.00000000e+00, 3.0000000000, 25.0000000000, 0.7217167139
         176, 0.00000000e+00, 0.00000000e+00, 0.00000000e+00, 0.00000000e+00, 0.00000000e+00, 0.00000000e+00, 0.00000000e+00, 0.00000000e+00, 0.00000000e+00, 0.00000000e+00, -4.25732572e+00, -1.49735329e+00, -1.37539702e+00, 1.61736752e+00, 0.00000000e+00, 3.0000000000, 25.0000000000, 0.7252360304
         177, 0.00000000e+00, 0.00000000e+00, 0.00000000e+00, 0.00000000e+00, 0.00000000e+00, 0.00000000e+00, 0.00000000e+00, 0.00000000e+00, 0.00000000e+00, 0.00000000e+00, -4.28466050e+00, -1.52750696e+00, -1.40151138e+00, 1.58796811e+00, 0.00000000e+00, 3.0000000000, 25.0000000000, 0.7286929329
         178, 0.00000000e+00, 0.00000000e+00, 0.00000000e+00, 0.00000000e+00, 0.00000000e+00, 0.00000000e+00, 0.00000000e+00, 0.00000000e+00, 0.00000000e+00, 0.00000000e+00, -4.31139497e+00, -1.55677185e+00, -1.42760318e+00, 1.55941233e+00, 0.00000000e+00, 3.0000000000, 25.0000000000, 0.7324171980
         179, 0.00000000e+00, 0.00000000e+00, 0.00000000e+00, 0.00000000e+00, 0.00000000e+00, 0.00000000e+00, 0.00000000e+00, 0.00000000e+00, 0.00000000e+00, 0.00000000e+00, -4.33760228e+00, -1.58519787e+00, -1.45369318e+00, 1.53164057e+00, 0.00000000e+00, 3.0000000000, 25.0000000000, 0.7362030983
         180, 0.00000000e+00, 0.00000000e+00, 0.00000000e+00, 0.00000000e+00, 0.00000000e+00, 0.00000000e+00, 0.00000000e+00, 0.00000000e+00, 0.00000000e+00, 0.00000000e+00, -4.36335081e+00, -1.61283868e+00, -1.47979831e+00, 1.50459130e+00, 0.00000000e+00, 3.0000000000, 25.0000000000, 0.7396840811
         181, 0.00000000e+00, 0.00000000e+00, 0.00000000e+00, 0.00000000e+00, 0.00000000e+00, 0.00000000e+00, 0.00000000e+00, 0.00000000e+00, 0.00000000e+00, 0.00000000e+00, -4.38870303e+00, -1.63974938e+00, -1.50593178e+00, 1.47820315e+00, 0.00000000e+00, 3.0000000000, 25.0000000000, 0.7432481805
         182, 0.00000000e+00, 0.00000000e+00, 0.00000000e+00, 0.00000000e+00, 0.00000000e+00, 0.00000000e+00, 0.00000000e+00, 0.00000000e+00, 0.00000000e+00, 0.00000000e+00, -4.41371474e+00, -1.66598463e+00, -1.53210342e+00, 1.45241664e+00, 0.00000000e+00, 3.0000000000, 25.0000000000, 0.7468727152
         183, 0.00000000e+00, 0.00000000e+00, 0.00000000e+00, 0.00000000e+00, 0.00000000e+00, 0.00000000e+00, 0.00000000e+00, 0.00000000e+00, 0.00000000e+00, 0.00000000e+00, -4.43843492e+00, -1.69159711e+00, -1.55831991e+00, 1.42717536e+00, 0.00000000e+00, 3.0000000000, 25.0000000000, 0.7510715644
         184, 0.00000000e+00, 0.00000000e+00, 0.00000000e+00, 0.00000000e+00, 0.00000000e+00, 0.00000000e+00, 0.00000000e+00, 0.00000000e+00, 0.00000000e+00, 0.00000000e+00, -4.46290577e+00, -1.71663655e+00, -1.58458513e+00, 1.40242673e+00, 0.00000000e+00, 3.0000000000, 25.0000000000, 0.7546362480
         185, 0.00000000e+00, 0.00000000e+00, 0.00000000e+00, 0.00000000e+00, 0.00000000e+00, 0.00000000e+00, 0.00000000e+00, 0.00000000e+00, 0.00000000e+00, 0.00000000e+00, -4.48716313e+00, -1.74114906e+00, -1.61090051e+00, 1.37812237e+00, 0.00000000e+00, 3.0000000000, 25.0000000000, 0.7582498670
         186, 0.00000000e+00, 0.00000000e+00, 0.00000000e+00, 0.00000000e+00, 0.00000000e+00, 0.00000000e+00, 0.00000000e+00, 0.00000000e+00, 0.00000000e+00, 0.00000000e+00, -4.51123697e+00, -1.76517677e+00, -1.63726531e+00, 1.35421828e+00, 0.00000000e+00, 3.0000000000, 25.0000000000, 0.7618703802
         187, 0.00000000e+00, 0.00000000e+00, 0.00000000e+00, 0.00000000e+00, 0.00000000e+00, 0.00000000e+00, 0.00000000e+00, 0.00000000e+00, 0.00000000e+00, 0.00000000e+00, -4.53515197e+00, -1.78875782e+00, -1.66367699e+00, 1.33067471e+00, 0.00000000e+00, 3.0000000000, 25.0000000000, 0.7653452158
         188, 0.00000000e+00, 0.00000000e+00, 0.00000000e+00, 0.00000000e+00, 0.00000000e+00, 0.00000000e+00, 0.00000000e+00, 0.00000000e+00, 0.00000000e+00, 0.00000000e+00, -4.55892824e+00, -1.81192640e+00, -1.69013147e+00, 1.30745598e+00, 0.00000000e+00, 3.0000000000, 25.0000000000, 0.7689957301
         189, 0.00000000e+00, 0.00000000e+00, 0.00000000e+00, 0.00000000e+00, 0.00000000e+00, 0.00000000e+00, 0.00000000e+00, 0.00000000e+00, 0.00000000e+00, 0.00000000e+00, -4.58258185e+00, -1.83471304e+00, -1.71662340e+00, 1.28453013e+00, 0.00000000e+00, 3.0000000000, 25.0000000000, 0.7726215800
         190, 0.00000000e+00, 0.00000000e+00, 0.00000000e+00, 0.00000000e+00, 0.00000000e+00, 0.00000000e+00, 0.00000000e+00, 0.00000000e+00, 0.00000000e+00, 0.00000000e+00, -4.60612553e+00, -1.85714494e+00, -1.74314645e+00, 1.26186857e+00, 0.00000000e+00, 3.0000000000, 25.0000000000, 0.7761524002
         191, 0.00000000e+00, 0.00000000e+00, 0.00000000e+00, 0.00000000e+00, 0.00000000e+00, 0.00000000e+00, 0.00000000e+00, 0.00000000e+00, 0.00000000e+00, 0.00000000e+00, -4.62956915e+00, -1.87924630e+00, -1.76969348e+00, 1.23944578e+00, 0.00000000e+00, 3.0000000000, 25.0000000000, 0.7797612151
         192, 0.00000000e+00, 0.00000000e+00, 0.00000000e+00, 0.00000000e+00, 0.00000000e+00, 0.00000000e+00, 0.00000000e+00, 0.00000000e+00, 0.00000000e+00, 0.00000000e+00, -4.65292025e+00, -1.90103869e+00, -1.79625677e+00, 1.21723890e+00, 0.00000000e+00, 3.0000000000, 25.0000000000, 0.7833884994
         193, 0.00000000e+00, 0.00000000e+00, 0.00000000e+00, 0.00000000e+00, 0.00000000e+00, 0.00000000e+00, 0.00000000e+00, 0.00000000e+00, 0.00000000e+00, 0.00000000e+00, -4.67618450e+00, -1.92254142e+00, -1.82282814e+00, 1.19522749e+00, 0.00000000e+00, 3.0000000000, 25.0000000000, 0.7870733301
         194, 0.00000000e+00, 0.00000000e+00, 0.00000000e+00, 0.00000000e+00, 0.00000000e+00, 0.00000000e+00, 0.00000000e+00, 0.00000000e+00, 0.00000000e+00, 0.00000000e+00, -4.69936601e+00, -1.94377187e+00, -1.84939916e+00, 1.17339320e+00, 0.00000000e+00, 3.0000000000, 25.0000000000, 0.7909532468
         195, 0.00000000e+00, 0.00000000e+00, 0.00000000e+00, 0.00000000e+00, 0.00000000e+00, 0.00000000e+00, 0.00000000e+00, 0.00000000e+00, 0.00000000e+00, 0.00000000e+00, -4.72246770e+00, -1.96474574e+00, -1.87596117e+00, 1.15171959e+00, 0.00000000e+00, 3.0000000000, 25.0000000000, 0.7945462982
         196, 0.00000000e+00, 0.00000000e+00, 0.00000000e+00, 0.00000000e+00, 0.00000000e+00, 0.00000000e+00, 0.00000000e+00, 0.00000000e+00, 0.00000000e+00, 0.00000000e+00, -4.74549152e+00, -1.98547735e+00, -1.90250550e+00, 1.13019189e+00, 0.00000000e+00, 3.0000000000, 25.0000000000, 0.7981132468
         197, 0.00000000e+00, 0.00000000e+00, 0.00000000e+00, 0.00000000e+00, 0.00000000e+00, 0.00000000e+00, 0.00000000e+00, 0.00000000e+00, 0.00000000e+00, 0.00000000e+00, -4.76843867e+00, -2.00597980e+00, -1.92902341e+00, 1.10879688e+00, 0.00000000e+00, 3.0000000000, 25.0000000000, 0.8016653299
         198, 0.00000000e+00, 0.00000000e+00, 0.00000000e+00, 0.00000000e+00, 0.00000000e+00, 0.00000000e+00, 0.00000000e+00, 0.00000000e+00, 0.00000000e+00, 0.00000000e+00, -4.79130977e+00, -2.02626514e+00, -1.95550626e+00, 1.08752272e+00, 0.00000000e+00, 3.0000000000, 25.0000000000, 0.8052678307
         199, 0.00000000e+00, 0.00000000e+00, 0.00000000e+00, 0.00000000e+00, 0.00000000e+00, 0.00000000e+00, 0.00000000e+00, 0.00000000e+00, 0.00000000e+00, 0.00000000e+00, -4.81410497e+00, -2.04634454e+00, -1.98194550e+00, 1.06635891e+00, 0.00000000e+00, 3.0000000000, 25.0000000000, 0.8088799834
         200, 0.00000000e+00, 0.00000000e+00, 0.00000000e+00, 0.00000000e+00, 0.00000000e+00, 0.00000000e+00, 0.00000000e+00, 0.00000000e+00, 0.00000000e+00, 0.00000000e+00, -4.83682402e+00, -2.06622833e+00, -2.00833271e+00, 1.04529616e+00, 0.00000000e+00, 3.0000000000, 25.0000000000, 0.8126482169
         201, 0.00000000e+00, 0.00000000e+00, 0.00000000e+00, 0.00000000e+00, 0.00000000e+00, 0.00000000e+00, 0.00000000e+00, 0.00000000e+00, 0.00000000e+00, 0.00000000e+00, -4.85946638e+00, -2.08592609e+00, -2.03465961e+00, 1.02432632e+00, 0.00000000e+00, 3.0000000000, 25.0000000000, 0.8165051142
         202, 0.00000000e+00, 0.00000000e+00, 0.00000000e+00, 0.00000000e+00, 0.00000000e+00, 0.00000000e+00, 0.00000000e+00, 0.00000000e+00, 0.00000000e+00, 0.00000000e+00, -4.88203121e+00, -2.10544672e+00, -2.06091809e+00, 1.00344236e+00, 0.00000000e+00, 3.0000000000, 25.0000000000, 0.8200567802
         203, 0.00000000e+00, 0.00000000e+00, 0.00000000e+00, 0.00000000e+00, 0.00000000e+00, 0.00000000e+00, 0.00000000e+00, 0.00000000e+00, 0.00000000e+00, 0.00000000e+00, -4.90451740e+00, -2.12479839e+00, -2.08710020e+00, 9.82638324e-01, 0.00000000e+00, 3.0000000000, 25.0000000000, 0.8236767133
         204, 0.00000000e+00, 0.00000000e+00, 0.00000000e+00, 0.00000000e+00, 0.00000000e+00, 0.00000000e+00, 0.00000000e+00, 0.00000000e+00, 0.00000000e+00, 0.00000000e+00, -4.92692361e+00, -2.14398865e+00, -2.11319814e+00, 9.61909254e-01, 0.00000000e+00, 3.0000000000, 25.0000000000, 0.8272958001
         205, 0.00000000e+00, 0.00000000e+00, 0.00000000e+00, 0.00000000e+00, 0.00000000e+00, 0.00000000e+00, 0.00000000e+00, 0.00000000e+00, 0.00000000e+00, 0.00000000e+00, -4.94924821e+00, -2.16302432e+00, -2.13920427e+00, 9.41251189e-01, 0.00000000e+00, 3.0000000000, 25.0000000000, 0.8307602167
         206, 0.00000000e+00, 0.00000000e+00, 0.00000000e+00, 0.00000000e+00, 0.00000000e+00, 0.00000000e+00, 0.00000000e+00, 0.00000000e+00, 0.00000000e+00, 0.00000000e+00, -4.97148930e+00, -2.18191157e+00, -2.16511109e+00, 9.20661118e-01, 0.00000000e+00, 3.0000000000, 25.0000000000, 0.8342707634
         207, 0.00000000e+00, 0.00000000e+00, 0.00000000e+00, 0.00000000e+00, 0.00000000e+00, 0.00000000e+00, 0.00000000e+00, 0.00000000e+00, 0.00000000e+00, 0.00000000e+00, -4.99364469e+00, -2.20065584e+00, -2.19091119e+00, 9.00136951e-01, 0.00000000e+00, 3.0000000000, 25.0000000000, 0.8378436645
         208, 0.00000000e+00, 0.00000000e+00, 0.00000000e+00, 0.00000000e+00, 0.00000000e+00, 0.00000000e+00, 0.00000000e+00, 0.00000000e+00, 0.00000000e+00, 0.00000000e+00, -5.01571187e+00, -2.21926187e+00, -2.21659729e+00, 8.79677483e-01, 0.00000000e+00, 3.0000000000, 25.0000000000, 0.8415681322
         209, 0.00000000e+00, 0.00000000e+00, 0.00000000e+00, 0.00000000e+00, 0.00000000e+00, 0.00000000e+00, 0.00000000e+00, 0.00000000e+00, 0.00000000e+00, 0.00000000e+00, -5.03768801e+00, -2.23773364e+00, -2.24216215e+00, 8.59282365e-01, 0.00000000e+00, 3.0000000000, 25.0000000000, 0.8450464805
         210, 0.00000000e+00, 0.00000000e+00, 0.00000000e+00, 0.00000000e+00, 0.00000000e+00, 0.00000000e+00, 0.00000000e+00, 0.00000000e+00, 0.00000000e+00, 0.00000000e+00, -5.05956991e+00, -2.25607439e+00, -2.26759863e+00, 8.38952068e-01, 0.00000000e+00, 3.0000000000, 25.0000000000, 0.8485333165
         211, 0.00000000e+00, 0.00000000e+00, 0.00000000e+00, 0.00000000e+00, 0.00000000e+00, 0.00000000e+00, 0.00000000e+00, 0.00000000e+00, 0.00000000e+00, 0.00000000e+00, -5.08135402e+00, -2.27428657e+00, -2.29289958e+00, 8.18687848e-01, 0.00000000e+00, 3.0000000000, 25.0000000000, 0.8520934820
         212, 0.00000000e+00, 0.00000000e+00, 0.00000000e+00, 0.00000000e+00, 0.00000000e+00, 0.00000000e+00, 0.00000000e+00, 0.00000000e+00, 0.00000000e+00, 0.00000000e+00, -5.10303639e+00, -2.29237189e+00, -2.31805789e+00, 7.98491714e-01, 0.00000000e+00, 3.0000000000, 25.0000000000, 0.8557405829
         213, 0.00000000e+00, 0.00000000e+00, 0.00000000e+00, 0.00000000e+00, 0.00000000e+00, 0.00000000e+00, 0.00000000e+00, 0.00000000e+00, 0.00000000e+00, 0.00000000e+00, -5.12461267e+00, -2.31033126e+00, -2.34306639e+00, 7.78366389e-01, 0.00000000e+00, 3.0000000000, 25.0000000000, 0.8594625831
         214, 0.00000000e+00, 0.00000000e+00, 0.00000000e+00, 0.00000000e+00, 0.00000000e+00, 0.00000000e+00, 0.00000000e+00, 0.00000000e+00, 0.00000000e+00, 0.00000000e+00, -5.14607815e+00, -2.32816482e+00, -2.36791790e+00, 7.58315275e-01, 0.00000000e+00, 3.0000000000, 25.0000000000, 0.8631396651
         215, 0.00000000e+00, 0.00000000e+00, 0.00000000e+00, 0.00000000e+00, 0.00000000e+00, 0.00000000e+00, 0.00000000e+00, 0.00000000e+00, 0.00000000e+00, 0.00000000e+00, -5.16742769e+00, -2.34587197e+00, -2.39260516e+00, 7.38342416e-01, 0.00000000e+00, 3.0000000000, 25.0000000000, 0.8667827328
         216, 0.00000000e+00, 0.00000000e+00, 0.00000000e+00, 0.00000000e+00, 0.00000000e+00, 0.00000000e+00, 0.00000000e+00, 0.00000000e+00, 0.00000000e+00, 0.00000000e+00, -5.18865576e+00, -2.36345137e+00, -2.41712080e+00, 7.18452460e-01, 0.00000000e+00, 3.0000000000, 25.0000000000, 0.8703318636
