2.124000000000000e-01
2.269000000000000e-01
2.734000000000000e-01
3.218000000000000e-01
3.230000000000000e-01
3.343000000000000e-01
3.474000000000000e-01
4.392000000000000e-01
4.828000000000000e-01
5.673000000000000e-01
6.700000000000000e-01
3.238000000000000e-01
2.981000000000000e-01
2.817000000000000e-01
2.787000000000000e-01
2.797000000000000e-01
2.804000000000000e-01
2.936000000000000e-01
2.978000000000000e-01
3.049000000000000e-01
3.048000000000000e-01
0.3
0.6
0.01
0.01
0.01
0.01
0.3
0.6
0.002
0.002
0.002
0.002
0.3
0.6
0.013
0.013
0.013
0.013
0.3
0.6
0.002
0.002
0.002
0.002
0.3
0.6
0.01
0.01
0.01
0.01
0.2
0.2
0.2
0.2
0.3
0.6
0.01
0.01
0.01
0.01
