2.124000000000000e-01
2.269000000000000e-01
2.734000000000000e-01
3.218000000000000e-01
3.230000000000000e-01
3.343000000000000e-01
3.474000000000000e-01
4.392000000000000e-01
4.828000000000000e-01
5.673000000000000e-01
6.700000000000000e-01
3.238000000000000e-01
2.981000000000000e-01
2.817000000000000e-01
2.787000000000000e-01
2.797000000000000e-01
2.804000000000000e-01
2.936000000000000e-01
2.978000000000000e-01
3.049000000000000e-01
3.048000000000000e-01
0.
0.3
0.6
1.0
0.01
0.01
0.01
0.01
0.
0.3
0.6
1.0
0.016
0.016
0.016
0.016
2490
50e9
0.1
1.58
4.5e-6
457.4
162e9
10e9
0.3
3.38
0.87
-1.6e-6
7.4e-6
144925
1021
23843
218
7.2
