0.0000
0.2300
0.4600
0.6900
0.9200
1.1500
1.3800
1.6100
1.8400
2.0700
0.0000
0.0000
0.0000
0.0000
0.0000
0.0000
0.0000
0.0000
0.0000
0.0000
0.4140
0.5980
0.7820
0.9660
1.1500
1.1523
1.3340
1.5180
1.7020
1.8860
2.0700
0.3195
0.3135
0.3046
0.2971
0.2956
0.3065
0.3283
0.3611
0.3938
0.4211
1.3340
1.5180
1.7020
1.8860
2.0700
0.2887
0.2750
0.2544
0.2338
0.2167
-0.12
22
0.3
0.6
0.03
0.03
0.03
0.03
0.03
0.03
0.03
0.03
0.03
0.03
0.03
0.03
0.03
0.03
0.03
0.03
0.005
0.3
0.6
0.002
0.002
0.002
0.002
0.002
0.002
0.002
0.002
0.002
0.002
0.002
0.002
0.002
0.002
0.002
0.002
0.3
0.6
0.013
0.013
0.013
0.013
0.013
0.013
0.013
0.013
0.013
0.013
0.013
0.013
0.013
0.013
0.013
0.013
0.002
0.002
0.002
0.002
0.002
0.002
0.002
0.002
0.002
0.002
0.002
0.002
0.002
0.002
0.002
0.002
0.002
0.002
0.01
0.01
0.01
0.01
0.01
0.01
0.01
0.01
0.01
0.01
0.01
0.01
0.01
0.01
0.01
0.01
0.01
0.01
0.01
0.01
0.01
0.01
0.01
0.01
0.2
0.4
0.6
0.8
0.01
0.01
0.01
0.01
0.01
0.01
2390
66e9
0.32
1.39
0.23e-6
0.0006
972
1580
59e9
61e9
22e9
0.35
-0.01
-0.02
3.37
3.39
3.42
1.1e-6
1.0e-6
1.0e-7
0.006
-0.004
0.006
-0.004
0.003
500
181
0.2e9
0.165
0.69
3e-6
13e6
750
0.039
300e6
97500
950
18700
214
11.9
