0.2183999974890610
0.2548497869251380
0.2972143376024220
0.3862000000000000
0.3872000000000000
0.4012000000000000
0.4112000000020790
0.4212000000062790
0.4349659612770720
0.5072059194795280
0.5360000000000000
0.3087560246336060
0.2894370028363870
0.2562993102028990
0.2508602692458420
0.2518602692458420
0.2522602692459250
0.2529602692460090
0.2529602692460090
0.2528250235124950
0.2518602692458420
0.11
0.21
0.31
0.41
0.51
0.61
0.71
0.81
0.91
0.01
0.01
0.01
0.01
0.01
0.01
0.01
0.01
0.01
0.01
0.01
0.0088043270964529
0.11
0.21
0.31
0.41
0.51
0.61
0.71
0.81
0.91
0.0005
0.0005
0.0005
0.0005
0.0005
0.0005
0.0005
0.0005
0.0005
0.0005
0.0005
0.11
0.21
0.31
0.41
0.51
0.61
0.71
0.81
0.91
0.0064
0.0064
0.0064
0.0064
0.0064
0.0064
0.0064
0.0064
0.0064
0.0064
0.0064
0.11
0.21
0.31
0.41
0.51
0.61
0.71
0.81
0.91
0.0005
0.0005
0.0005
0.0005
0.0005
0.0005
0.0005
0.0005
0.0005
0.0005
0.0005
0.0020000000000000
0.0020000000000000
0.0020000000000000
0.0020000000000000
0.0020000000000000
0.0020000000000000
0.2222323386878620
0.4497755991863040
0.6997755991863040
0.8497755991241920
0.0074000000000000
0.0074000000000000
0.0074000000000000
0.0074000000000000
0.0074000000000000
0.0074000000000000
2420
68.3e9
0.34
1.42
0.26e-6
0.0006
953
1580
61e9
61e9
24e9
0.35
0.05
0.05
3.4
3.4
3.5
1.3e-6
1.3e-6
0.0
0.006
-0.004
0.006
-0.004
0.003
450
110.5
0.25e9
0.008
0.42
0.15e-6
10e6
650
0.041
300e6
98000.0
952.0
18700.0
214.3
7.4
