-1.848205335698686197e-02 2.573426055693309178e-01
7.272722190496783146e-01 7.269906611744079150e-01
-5.046856773136495500e-01 -2.153881613977848553e-01
8.584812179807537191e-01 8.525906247112040592e-01
8.637260729912331625e-01 8.946441802958728928e-01
7.716260725754487959e-01 8.198854905555349459e-01
-1.038604942513804197e+00 -9.179696030858133238e-01
7.470786754037384014e-01 7.943820007603318301e-01
-2.160740638839862449e+00 -2.507588420162459197e+00
4.401198718268592436e-01 2.931764085910617545e-01
8.018968333957887662e-01 7.751524513336096600e-01
-7.004969932926893295e-01 9.322243213363642922e-02
8.861104880112793403e-01 8.917430528741732143e-01
4.336903187171796681e-01 3.860269214614703848e-01
3.275128820076088632e-01 2.816049284464560709e-01
3.392707360272991576e-03 -3.365700346706853585e-01
4.135766387135430544e-01 6.004088438747825496e-01
8.859402431629641583e-01 7.692358712796932840e-01
6.181554551086578808e-01 2.483677951656395877e-01
8.678345666075647502e-01 8.657091969160974898e-01
-3.295717175554527145e+00 -2.442388213069023095e+00
-2.489462652086180672e+00 -1.624633382544808713e+00
7.185109216014464728e-01 -2.915009508443677233e-01
-1.155722108117956282e+00 -1.211618852890492759e+00
7.096407861047584476e-01 6.130962473992550565e-01
7.532620219433336928e-01 8.586210874226547496e-01
6.338620506710819225e-01 9.401311982863450600e-01
4.816795057708818661e-01 4.501535881072250556e-01
8.820059170562728479e-01 7.845859381899120688e-01
-7.177374866186795321e-01 -4.321492818875841690e-01
-2.874498998037969599e+00 -2.472554113247545260e+00
8.741353809178323830e-01 8.515740309578088141e-01
4.751037362832101762e-01 4.313341887666583552e-01
-2.532656927542000225e-01 -3.056921718594403647e-01
1.769856525019919691e-01 1.232530554234260722e-01
3.676205260790595952e-01 -7.599187388256123388e-01
8.387144015102604433e-01 8.191095623200069786e-01
9.037013267818276852e-01 9.121089599555082250e-01
7.622898943318916487e-01 3.993837068177274463e-01
3.802014976258654699e-01 -2.040639611014871124e-01
8.192828525707249732e-01 9.484346946136245071e-01
-1.244557713203479493e-01 -4.764372609368622835e-01
3.676205260790595952e-01 6.541611695875890753e-01
-1.953816006829599328e+00 6.248954936408734895e-01
7.444853055249130991e-01 7.790593739703060017e-01
7.927671855549914826e-01 6.536685880541401872e-01
-1.363690805320984412e+00 -8.702842719606158628e-01
4.798146068712818013e-01 4.710157163240292766e-01
8.578125464029476843e-01 6.872536807265037240e-01
4.693355793469419779e-02 -1.260948519742552121e-01
-2.332783960786598831e-01 -6.051361805576658259e-01
-6.390266640235725548e-01 -1.444269382992128259e+00
-5.948795249518959993e-01 -8.751072869160249068e-01
-2.095725942162439404e-01 2.692311925427445241e-01
1.625233212056950427e-01 1.539395720209669749e-01
-6.725120389490177875e-01 -8.945329760187568091e-01
4.121797521547875820e-01 5.821813062016494289e-01
-2.193994860174377504e+00 -1.603135688265197922e+00
9.137565243483443123e-01 2.804896839369952488e-01
7.359013779709812075e-01 5.582482521913344486e-01
7.435939183881505876e-01 1.374728830680805314e-01
3.222817951721107521e-01 1.955389543529372776e-01
4.957723908453405826e-01 5.752887990549628849e-01
3.366597963452157977e-02 -6.065626210257533124e-01
1.856821048116573947e-01 8.575425255942471514e-01
-8.778319948981702647e-02 -3.354703809033374284e+00
7.854475965423564077e-01 3.430557608404795067e-01
7.170508141224204435e-01 6.292257508585425985e-01
3.444911595912079072e-01 5.470244522288972844e-01
7.354957625097073848e-01 8.364159684561678354e-01
8.873774073787602523e-01 9.337102797726181125e-01
4.687931043701063505e-01 5.052386852865932143e-01
-3.305935614018977731e+00 7.220486535760126112e-02
3.454138179621882299e-01 2.509740437771378896e-01
8.008474038246471416e-01 3.554767249080073022e-01
6.144215635954753951e-01 6.658939288969941694e-01
1.623710227040143783e-01 3.393162788335725710e-01
6.813448885683157652e-01 5.993924003605214379e-01
-2.886560997486668168e+00 -3.436762837007583560e+00
-1.232164854422907796e+00 -1.340235435729882241e+00
5.828274458742223052e-01 5.111833851038544152e-01
6.434481813066206257e-01 6.087933714627563608e-01
-2.874498998037969599e+00 -3.217123810046201182e+00
-2.095725942162439404e-01 -8.874239532313741297e-01
-3.501239359836447740e-01 -1.061336348814943820e-01
-1.770943077910545060e-01 -9.166376616315490000e-02
7.236609502083658496e-01 7.386146828416280119e-01
8.137088194587922541e-01 7.105229795475925814e-01
-1.187974022319680190e+00 -1.367621135231370522e+00
1.757566504185177347e-01 -1.268404030738922994e-01
1.511701261946337693e-01 2.731621889780133094e-01
7.762355814749071214e-01 9.195544103022965654e-01
4.777142367822624913e-01 5.227035064582818968e-01
-1.218844456453266778e+00 -1.440151982719890755e+00
-4.853976533973013985e-01 -7.167220930626808650e-01
1.511701261946337693e-01 9.250540869190860827e-01
8.878689724763667579e-01 8.906966720723958897e-01
8.154872610468997252e-01 8.537939474524858241e-01
4.798146068712818013e-01 8.736786157491371885e-01
7.016635781018809581e-01 5.406803370296116018e-01
-1.290584376718454829e+00 -2.635602429619452902e+00
4.848165375976460356e-01 -1.090295345305202085e-01
8.641820694900967936e-01 8.477034445041635724e-01
5.294576795739330821e-01 7.369638684161157194e-01
1.360856939410932387e-01 1.802886909505480861e-01
5.127854580361836945e-01 -6.304611136554217898e-01
2.607906977379502167e-01 8.827945786230463332e-01
8.049667201828593077e-01 8.593856136656240485e-01
2.237302099194189708e-02 5.673391410492780729e-01
-1.129456660588042283e+00 -2.089614890001511238e+00
-9.922336412821051166e-01 -6.802443487133140732e-01
2.237302099194189708e-02 6.908461730567830861e-01
2.489025648489008036e-01 -1.144449840347506520e+00
5.588091502231132823e-01 5.997967091879551349e-01
6.863927571488970258e-01 7.973725353423101181e-01
5.574939833121830279e-01 4.985271640904979651e-01
-2.324250269666805924e+00 -2.305504452956220529e+00
-1.673480874880993285e+00 -1.930351302950949144e+00
9.135022292344582295e-01 9.368006108433247769e-01
1.977642940867914770e-02 4.352443568823542996e-01
7.231460936384486171e-01 4.581822728175095061e-01
6.887676162614123632e-01 9.094578504113407513e-01
9.195114838726955453e-01 9.225823601185233480e-01
6.136214232261958390e-01 4.778295039231107433e-01
7.495678453217434756e-01 8.433257393640795074e-01
2.398206051070688738e-01 9.171261269012140338e-02
-1.315337900440445296e+00 -1.906650730811468630e+00
-1.726639768160877164e+00 -1.561000372840758432e+00
1.001599778477811203e-01 2.716813406422048383e-01
1.057330573186144318e-01 7.005937460155182983e-02
-3.026607172754398167e+00 -3.457880650025036418e-01
7.092238464865998626e-01 8.094076293210163975e-01
-5.950098580375890595e-03 6.455537756173658215e-01
-2.535250288480210279e-01 -6.928388912792964316e-01
6.427930105799725125e-01 4.004640148247716191e-01
-5.426539703329860131e-01 -5.237943239462056200e-01
5.469062195221783274e-01 -7.038722553598214526e-02
8.741353809178323830e-01 7.724672052162377955e-01
5.215818903385497363e-01 6.509780706649826998e-01
-9.940591255303483642e-01 -1.564171626707258955e+00
5.331880388200088694e-01 9.256965343233778398e-01
8.706054860174866628e-01 8.727415609199784541e-01
-1.385175189743977464e+00 -1.339548496314331816e+00
-3.026607172754398167e+00 -2.428807404664429903e+00
5.147779772080678384e-01 9.718852739379754690e-02
8.442595189175537973e-01 9.148474416540223197e-01
3.444911595912079072e-01 2.932275175039787407e-01
7.507093184756009618e-01 7.088020758819988387e-01
8.806085550108732063e-01 8.649462704027612858e-01
2.411893920260509694e-01 -4.051967543898977731e-01
4.552201171398783663e-01 4.608582581455153426e-01
8.476806007732672343e-01 6.848663207272411846e-01
8.510599854621123672e-01 9.470525042461693799e-01
8.878689724763667579e-01 9.210734212318970604e-01
-8.194966711512484681e-01 -1.307206192690089308e+00
5.915413698457532288e-01 3.124924384794326992e-01
7.438741983821393067e-01 6.940171065652269711e-01
8.399748980041090718e-01 9.258364960255293097e-01
-8.710205540834685678e-01 -1.030930550595851480e+00
-1.746222440673769416e+00 -2.090891610491198982e+00
-2.029258375339065168e+00 -1.026670113974334830e+00
8.155821152922837491e-01 8.841635617732979124e-01
-2.289415082618435182e+00 -1.802086301272192825e+00
-7.222075292882123021e-01 -9.428451255247688456e-01
-1.488006233522878530e+00 -1.602699470003453586e+00
-1.307703228032156773e+00 2.996855230974495021e-01
7.106472214747097116e-01 7.066327036167266984e-01
-2.869677583701147894e-01 -1.704752717880534119e-01
-1.664858167107515774e+00 8.023984887234778540e-01
3.696049707081655034e-01 2.476125147998943232e-01
3.676205260790595952e-01 3.935772455637460698e-01
7.016635781018809581e-01 6.990440127089563305e-01
-1.946628264912779113e-02 -1.478624777059278292e-02
8.442595189175537973e-01 6.404665604582246430e-02
9.108727506804809027e-01 8.805591321496610835e-01
8.471905246175589488e-01 -1.387585767314897023e+00
1.629433781314187368e-01 -2.109729740430076050e-01
8.155164259557148299e-01 9.364825576317020728e-01
-1.020223147968600586e+00 -9.827810159722143446e-01
3.634979417126470991e-01 4.277470368492392039e-02
6.181554551086578808e-01 7.392589260366346782e-01
-5.255694752774926481e-01 -7.728418663421569024e-01
-1.734721924756439826e+00 -1.873131199594018970e+00
9.075890616874842109e-01 9.333756455661001983e-01
6.338620506710819225e-01 3.485390432505128255e-01
1.240453953582680985e-01 1.387790726583217060e-01
2.880355375890334413e-01 3.250853583634114030e-01
8.729328377476082146e-01 7.468008392726073197e-01
2.364933115454122270e-01 4.439646447183068223e-01
3.329342262604397251e-01 3.638391299432870429e-01
9.054661251496841645e-01 9.284129390059653320e-01
-1.595347202284119081e+00 -1.666037281331606557e-01
8.861104880112793403e-01 7.087072180488697137e-01
9.100742127086454136e-01 8.705506049767575139e-01
5.825836757538542798e-01 4.158738783455577237e-01
1.687109141887463970e-01 2.283885532772805260e-01
7.532620219433336928e-01 8.242049866761469445e-01
8.867984651315619082e-01 9.451250651089753152e-01
6.182181023346567939e-01 -1.082223919576932536e+00
8.116783514859380322e-01 7.409626718346855601e-01
8.878689724763667579e-01 8.704515970146509130e-01
-1.604112219929849203e+00 -5.221407866335936454e-01
-7.073328928238183932e-01 -8.458255084140487989e-01
3.366597963452157977e-02 -1.288586994799382435e+00
9.169022060864413515e-01 9.528957858770282785e-01
-7.606366847913530009e-03 -1.462843481974282663e-03
-5.255694752774926481e-01 -1.046111160793404604e+00
7.231460936384486171e-01 7.691648524686034438e-01
8.718006708830861040e-01 4.863795126661794033e-01
-8.128120617200546016e-01 -5.848960235259841323e-01
1.977642940867914770e-02 1.441123725037964931e-01
-1.232164854422907796e+00 -1.449062874405248502e+00
5.874644449417044945e-02 -4.358949177332221980e-01
-8.128120617200546016e-01 -6.042738281328939864e-01
4.277468999374962055e-01 1.906227555373621319e-01
4.159535913398371143e-01 -1.256211401392621996e+00
8.384827597651842712e-01 8.546665228861137775e-01
6.338620506710819225e-01 5.752880688338020132e-01
5.708443561394728194e-01 6.284658334285883052e-01
7.640184923634527614e-01 6.504773410813736723e-01
3.864302561566390626e-03 -9.098694876222832573e-01
1.352040904603591179e-02 -3.200256200998328748e-01
-7.971212579405529963e-01 -2.359933228032478514e+00
-2.071389551602448975e+00 -1.222829179815996703e+00
9.495508757855723736e-02 9.051781359143837857e-01
-2.160740638839862449e+00 -3.094792554269337082e+00
5.684729574165003907e-01 4.250397936088872175e-01
-1.662528031967791975e+00 -2.213901829780832387e+00
3.275128820076088632e-01 2.397128651340580674e-01
8.155908401460959523e-01 8.352610531567841168e-01
-2.116398649645128582e+00 -2.234244921092686020e+00
9.007611899664511590e-01 7.895679652644601587e-01
8.754826507575378391e-01 6.595712161393233464e-01
-5.343351280231359857e-01 -2.359588496536598468e-01
6.380110779208826299e-01 7.858962418522904558e-01
7.444853055249130991e-01 6.079567803647575319e-01
-3.503024982466962922e-01 -2.018759390047887847e-01
9.108727506804809027e-01 9.418338180935313941e-01
-1.329064436780638125e+00 -3.174985474431386012e-01
1.360856939410932387e-01 1.628309291875036091e-01
7.521714331555341415e-01 7.784234838145075441e-01
6.544536632969111256e-01 4.671441990528635291e-01
4.290929389658168502e-02 6.295927791163679066e-01
4.922515835842522502e-01 1.930464702471601512e-01
4.816795057708818661e-01 4.771437653535105516e-01
4.613424311538952827e-01 4.411115421560652949e-01
-3.622912719589337915e-01 -5.335259126223038662e-01
-2.054736727723303069e+00 -3.469986448140752966e+00
5.947904215266945904e-01 3.912073334736352881e-01
7.880359129404845842e-01 7.946257116990008695e-01
3.089372614048985222e-01 -8.950056538957900099e-01
3.339800378602917896e-01 9.047336798490506204e-01
-1.402494410448517081e+00 4.395553456309150842e-01
4.682762453507452460e-01 -3.806806828275165200e-02
7.480214746719424657e-01 3.555928460794263724e-01
-5.255694752774926481e-01 -5.622448414326510768e-01
4.159390862971676928e-01 6.098644356946272271e-01
-3.262042148410343456e-02 -9.413551300391277410e-01
8.729328377476082146e-01 9.386672002425141548e-01
-1.478081896952804231e-01 -7.738671087833718376e-01
4.696030347257827420e-01 6.372555015063550155e-01
-2.216846906812769635e+00 -1.584499550282685368e-02
-2.332783960786598831e-01 -6.804768606488323379e-02
9.032153166960640300e-01 9.030137163107162523e-01
-1.378415284742626201e-01 7.809362244670307873e-02
7.664957621431126578e-01 5.476424177699855678e-01
2.778718758263194477e-01 2.020472307390240585e-01
6.182181023346567939e-01 -1.794743416992516938e+00
-4.844016136665513228e-01 -1.456738628930468238e+00
2.237302099194189708e-02 6.093349385388627804e-01
-5.028720846679742701e-02 1.412609184691234476e-01
5.147779772080678384e-01 4.729380475836374997e-01
-3.295717175554527145e+00 -2.216378856307978928e-01
8.924379050941844138e-01 8.865498967353290238e-01
1.683563989037699105e-01 5.485872244932281649e-01
-4.277590727172043694e-01 -6.096286944259414753e-01
-4.853976533973013985e-01 8.681618659953903583e-01
6.181554551086578808e-01 5.492194098098376331e-01
-1.718692404197552648e-01 2.778983594858127071e-01
6.753621317565661197e-01 3.031706469933420633e-01
-2.099551056670773796e+00 -1.954476371949090741e+00
3.454111689182469136e-01 4.549425924744857075e-01
9.385998915142413912e-01 9.122389320638332189e-01
5.265532468422143841e-01 7.050374469129049304e-01
8.602469087680557625e-01 8.822733416942782902e-01
-6.249877067501315164e-02 7.729998581343711095e-01
-7.656000329066939836e-01 -4.785451962330182218e-01
8.678345666075647502e-01 8.989102564712304622e-01
1.616592333333250198e-01 5.800890675349708037e-01
-1.162323593330087501e+00 -1.549355599498324132e+00
6.181554551086578808e-01 7.848059330052171712e-01
8.386310344019908269e-01 8.958323168610393683e-01
-3.878904113014610133e-01 3.007339325471906910e-02
9.075602324061092796e-01 8.839566871631735490e-01
7.927671855549914826e-01 5.907324415565384790e-01
-1.953816006829599328e+00 -2.926868378139936500e+00
-7.929898488338191775e-01 -1.165540528656957120e+00
4.047653803204984690e-01 4.924459859773941961e-01
-2.555058825314748816e-01 1.499064927924778634e-01
6.258657289643094757e-01 5.121946941452177882e-01
8.856741497256549467e-01 8.829486905306581646e-01
-5.684099309793821941e-01 -1.740992507782571919e-01
8.792624022938624329e-01 9.114359878624010980e-01
-1.780162414884088884e-01 -4.238954895949558765e-01
-3.758800904246573094e-01 -5.655105297553373322e-01
8.165180372954632393e-01 8.162821776452211520e-01
5.265532468422143841e-01 4.780619764566075847e-01
4.435304257782282100e-01 4.456639777046288997e-01
5.925368497548457736e-01 5.177301751492107140e-01
-1.953816006829599106e+00 -2.373599726757614103e+00
3.854420477191561334e-01 5.966888759687464239e-01
7.123909725463386522e-01 6.213230493921567676e-01
-1.532811544102173684e+00 -1.265108513053857762e-02
9.108727506804809027e-01 9.405848541539731933e-01
4.608397275238263480e-01 4.512810080351379316e-01
-1.229837491478782185e+00 -6.428850588357168938e-01
3.691994438182038540e-01 1.698635691349952292e-01
7.533370509766661449e-01 8.286475452112108675e-01
-3.019098721374359820e-02 8.821556038744089723e-02
-1.754389101351975677e+00 8.481419876478619724e-01
-1.754389101351975677e+00 -2.104616863674285021e+00
-4.576593987359245941e-01 6.280233009512975473e-01
9.100742127086454136e-01 9.403023152465477263e-01
6.542291713854603286e-01 6.934433836365027082e-01
9.213254716775347575e-01 9.498568164069003394e-01
-2.672616292335766586e-02 7.573532683894622641e-01
-2.470064307338439846e+00 -2.076857187215867206e+00
-2.869677583701147894e-01 5.087501182877546269e-02
-1.461904024259885304e+00 -1.860945735040699711e+00
8.906981430387700405e-01 9.423268287305174296e-01
7.438741983821393067e-01 6.944758497177022649e-01
6.712909538099504081e-01 3.382597634470617676e-01
-7.177374866186794211e-01 9.260756424736372727e-01
9.195114838726955453e-01 9.343388225020193838e-01
5.735331412535880219e-02 -5.604559481767196205e-01
-2.672616292335766586e-02 -1.364476625256705877e-01
8.306343748492021062e-01 8.030405223917410629e-01
6.367592336888000526e-01 6.323962370671402100e-01
-2.095725942162439404e-01 2.018424598539537984e-01
-1.030115116726275204e+00 -1.287669153303046654e+00
9.303687868257926041e-01 9.511709152092567843e-01
5.338409991861525067e-02 -8.518252079770290142e-02
-5.443373534330288310e-02 2.740713346352771085e-01
-1.527991222812138394e+00 -1.617293701914701565e+00
3.869729986513211761e-01 -1.947717600181287766e-03
7.664957621431126578e-01 7.027902353441378702e-01
5.055066466006996606e-01 3.460828309599565111e-01
-5.443373534330289004e-02 3.228731392198901373e-01
4.751037362832101762e-01 7.463195465981489196e-01
-2.374668596098515605e-02 -9.404637718113127987e-01
-2.071389551602448975e+00 -1.407949549682868229e+00
4.512052071965300115e-01 4.787197752894832847e-01
4.515847261712246929e-01 5.181556831632885274e-01
7.533745654933323710e-01 5.494622163837087347e-01
7.640184923634527614e-01 6.598685325510763588e-01
7.521714331555341415e-01 7.558892693888999981e-01
2.668906220226406889e-01 2.796026599170897686e-01
-2.648238158842211920e+00 -3.365243633021082648e+00
4.693355793469419779e-02 -1.482280635705495939e-02
4.848165375976460356e-01 2.570215980150404866e-01
-5.620026562562664418e-01 -6.629610970159917072e-01
-9.741453686422811842e-01 -7.249542581920473960e-01
7.444853055249130991e-01 7.394264060534283534e-01
5.915413698457532288e-01 7.834481608000873898e-01
4.212068636653615861e-01 7.529508092648931061e-01
7.996522021380422229e-01 6.834616699472775281e-01
-2.061468798466561392e+00 7.193746496965578441e-01
5.665668844524961445e-01 -1.749386357915124202e-01
8.754826507575378391e-01 7.020636084142511946e-01
-8.120422069957797251e-02 6.037641212012384573e-01
8.040426093959880394e-01 7.795794870332586335e-01
9.108727506804809027e-01 8.245932080720462798e-01
4.682762453507453015e-01 7.161226976501168240e-01
4.848165375976460356e-01 -1.256268647338280031e-01
-6.219019521058417599e-01 -7.141772650868575267e-01
-3.045337005289219245e+00 -2.688755091142136511e+00
6.018247041141732145e-01 6.691836405874328486e-01
8.997609707562074233e-01 8.401995439954217382e-01
6.490403994483761041e-01 7.048214440852037521e-01
8.386310344019908269e-01 9.470015911229527905e-01
-9.774874062260918706e-01 3.903382882663924414e-01
4.848165375976460356e-01 7.601394132751098098e-01
-1.062210770685072303e+00 -9.563949078439411000e-01
-2.470064307338439846e+00 -2.719096575138753469e+00
-2.901638496797542821e+00 -2.531590412045592320e+00
7.461202938313529417e-03 -2.577803980782777393e-01
-1.238623106991245004e+00 -7.655259174927024901e-01
8.268436598991837361e-01 6.646926543259106257e-01
5.825024190470649010e-01 6.807739705848649958e-01
6.737234154289952759e-01 6.588085622716323142e-01
-2.326093985637307515e+00 -3.443009487311018191e+00
5.431535899466333195e-01 4.713710212009118439e-01
8.434526108555208124e-01 9.533012960747749842e-01
-1.264563984206992897e+00 -1.378531440456373325e+00
-1.173027799046290509e+00 -1.337681497075037251e+00
-1.953816006829599328e+00 -1.438582477062571474e+00
9.527857700203166535e-04 8.998332278947707152e-02
9.018617152816449378e-01 9.521872765273533545e-01
8.442595189175537973e-01 8.893864978954251210e-01
7.755866342076488396e-01 7.866993913831461516e-01
8.890037940332294886e-01 9.081098022516893575e-01
7.475386783711284178e-01 2.919926163944833175e-01
-3.931197782316578349e-01 -8.176256648144226702e-01
5.502274995489431220e-01 6.288984756006038568e-01
-1.694202227892797730e+00 -2.755975644383187095e+00
2.008301917346768384e-01 2.869840355246205399e-01
-1.478081896952804231e-01 5.310916414367624627e-01
8.476806007732672343e-01 1.898805864212338712e-01
-2.095725942162439404e-01 -1.712290520576918718e-01
-1.206505562041116253e+00 -1.846650305106942280e+00
8.806085550108732063e-01 5.935651982727565557e-01
4.296708568311786158e-01 3.041863827052511682e-01
9.135022292344582295e-01 9.403956689772546840e-01
9.040819579529664196e-01 9.285944608553121649e-01
6.864967590914744511e-01 7.118253923597513966e-01
-4.173281877059594192e-01 5.483284924009284023e-01
8.905941349372291649e-01 9.343456749253574722e-01
-1.136835123769729838e+00 -1.199702801096639737e+00
-5.028720846679742701e-02 1.584716988566707285e-01
-1.136835123769729838e+00 -1.072638808757995887e+00
3.691994438182038540e-01 5.900744367916825883e-01
-1.155722108117956282e+00 -2.290593551428926844e+00
-4.265958829384071671e-01 -5.000280937310702667e-01
6.533275862436657144e-01 7.365261654073751441e-01
4.374845625044818109e-01 4.950112306204137447e-01
6.208877997698271367e-02 -2.359250319080404695e-02
-4.786679454925018007e-01 2.248386951167318654e-02
8.625119890884992424e-01 9.404902254259792649e-01
6.492908261356867827e-01 4.862768590534820023e-01
-2.326093985637307515e+00 -2.805524066014164042e+00
-7.606366847913530009e-03 4.876050304924055556e-01
7.478140774400194868e-01 7.650190699204573175e-01
8.386310344019907159e-01 7.061654795495208026e-01
7.071545906035462403e-01 5.127738113501956185e-01
8.434526108555208124e-01 9.084721687542587354e-01
3.617031291461347831e-01 1.867983716353424084e-01
5.665668844524961445e-01 -1.137007611299234000e+00
8.718822753734857267e-01 9.289185398047606901e-01
-2.332455918449099386e+00 -2.449485353496948736e+00
-3.475213501289224904e-01 -2.991362470235737203e-01
-2.470064307338439846e+00 -1.513718476683230563e+00
4.324948672499066560e-01 7.102471420102284272e-01
-6.997625389420809583e-01 9.989161955425718276e-02
5.871146425772084676e-01 3.774471189590959952e-01
5.271292226342570893e-03 1.761014663748207976e-01
6.559506108992132489e-01 8.158171802615407087e-01
5.824233921124816193e-01 4.573446419173272104e-01
-4.528269898214044020e-01 -5.996925770283813018e-01
7.854475965423564077e-01 7.031434868991879306e-01
8.003202482614500957e-01 8.332979105492221983e-01
7.231460936384486171e-01 7.591908270967755445e-01
-9.923842027673157595e-01 -1.736710582046572915e+00
4.226279395986837772e-01 2.278594400102630091e-01
2.552569777557401332e-01 8.736332580459181540e-02
8.258465340843357261e-01 8.610810501627622626e-01
3.275128820076088632e-01 4.568454300741722207e-01
3.951122756519267476e-01 5.174245923882955234e-01
1.096680962643001578e-01 1.490575558765231123e-01
3.683731978871894741e-01 5.936854065576265826e-01
-5.388959975329629115e-01 -1.310450470093962094e+00
1.511701261946337693e-01 2.970337319000737053e-01
2.243775840493507628e-03 8.354582313838661012e-01
3.444911595912079072e-01 4.675741168566855954e-01
-2.214317751615444418e+00 -3.438742076540405090e+00
1.157849248595332475e-01 3.209704888913093024e-01
3.882776951852560110e-01 -7.640459225021143386e-01
1.623083911767009835e-01 1.507514709752495741e-02
-3.026607172754398167e+00 -9.882212679586291904e-01
6.132925623688206818e-01 7.196020080325179480e-01
8.754826507575378391e-01 7.532500247392293069e-01
-1.637477705373792336e+00 -3.484604997049108643e+00
8.224932324602228784e-01 9.149906227412255566e-01
5.127854580361836945e-01 1.509679211960079370e-01
-2.214317751615444418e+00 -1.913253994240112110e+00
8.754826507575378391e-01 9.038418796708101999e-01
3.683731978871895296e-01 7.565705197397240012e-01
-1.760186193121707987e+00 -1.853953667497324487e+00
9.054661251496841645e-01 9.276162069211273398e-01
6.434481813066206257e-01 8.171992117838724479e-01
-2.054736727723303069e+00 -2.105868402285664409e+00
9.116404856188609074e-01 9.262905756794723722e-01
8.224932324602228784e-01 9.274616658317840212e-01
7.475386783711284178e-01 8.908054127549646095e-01
5.574939833121830279e-01 -2.833336047148394404e-02
5.915413698457532288e-01 9.163846227151031254e-01
2.207014846546616893e-01 1.691198860547455385e-01
6.860984665955346395e-01 4.696893638719734643e-01
8.952572039201934784e-01 8.144546718508398619e-01
8.040426093959880394e-01 8.840945616209010538e-01
9.108727506804809027e-01 8.702571842722434114e-01
7.498665317048404111e-01 8.181058891643627762e-01
1.809827998851052180e-02 -4.218283306616369965e-01
-2.264252854197879472e+00 -1.968316833728380733e+00
4.605305854626475792e-01 4.771655125728495594e-01
3.545371732059044989e-01 7.243945106400345724e-01
-4.250639032340760015e-01 -5.848688450168192388e-01
-4.786679454925018007e-01 -1.313717876928248929e+00
1.543410992418703664e-01 -2.901659245810764842e-01
-5.455578517539763084e-01 -8.354805223257651958e-01
6.768606702663277908e-01 4.842279118878882738e-01
3.275128820076088632e-01 5.162697585583285731e-01
7.521265516117285888e-01 8.124137913855815629e-01
8.396038101848766200e-01 8.386177330662684115e-01
-2.470064307338439846e+00 -3.326288890769555362e+00
-2.123012926116859822e-01 -5.257193031044362641e-01
-1.394886604875519964e+00 -1.368454635307404743e+00
1.001599778477811203e-01 -1.644375393294910670e-01
7.236609502083658496e-01 7.249288747102912156e-01
4.848165375976460356e-01 1.860756393317718194e-01
2.237302099194189708e-02 1.632198981867299670e-01
-2.244291136283472543e+00 2.801982047350311256e-02
6.338620506710819225e-01 8.273258292162078975e-01
4.159535913398371143e-01 1.863146798172022889e-01
3.617031291461347831e-01 3.019123155289956117e-01
8.568924847546227630e-01 8.619450638699973632e-01
-1.294137127511233665e+00 -1.000623919783165006e+00
-6.830026107142002090e-01 -6.949968285355538899e-01
9.108727506804809027e-01 9.129648939131346230e-01
-5.950098580375890595e-03 7.656695111156599509e-01
-1.251655772920927445e+00 -1.683102210520286857e+00
-5.501590261015341238e-02 -9.890348421710242199e-01
-3.088498478062123187e+00 -2.471798424853966836e+00
8.993123200278583251e-01 9.192658836365495967e-01
9.100742127086454136e-01 9.433502332204106722e-01
8.386310344019908269e-01 4.599652877551497210e-01
7.927671855549914826e-01 6.420846835429552257e-01
8.396038101848766200e-01 9.270203061792325894e-01
3.089372614048985222e-01 -2.877003325030024761e-01
8.386310344019908269e-01 8.726938352784789910e-01
7.070602647870483093e-01 5.735666728789567959e-01
-6.725120389490177875e-01 -1.359859445416199630e+00
-5.036925652106637452e-01 -2.233320801019073709e+00
4.777638657628228980e-02 9.081375314003443944e-02
-4.333640170948809822e-01 -6.256401083709445254e-01
8.584812179807537191e-01 8.930510579509304270e-01
6.237011235326130054e-02 -1.392471721673380625e-01
2.329215657479119517e-01 4.497511253725353653e-01
7.507093184756009618e-01 8.245836774612356201e-01
8.857699983146490874e-01 8.718545252858975747e-01
2.207014846546616893e-01 5.814122805660780491e-02
1.687109141887463970e-01 5.263103347932310827e-01
-6.997625389420809583e-01 6.570675748586080056e-01
2.364933115454122270e-01 3.366627487480422509e-01
6.450060376653372618e-01 8.345335945415398582e-01
-1.329064436780638125e+00 -6.767477081366043423e-01
-5.021789640471776561e-01 -6.653594020900501782e-01
-2.765414705879357116e-01 -7.000090795078715011e-01
5.055066466006996606e-01 6.036347276628399872e-01
-2.099551056670773796e+00 -1.743222875902455060e+00
7.755866342076488396e-01 9.386183653897590684e-01
4.272369176038314231e-01 6.175680404607252205e-01
6.124794435470968246e-01 6.356570343224490216e-01
5.824233921124816193e-01 6.996936912782989459e-01
5.529282582904544441e-01 1.980716991755462029e-03
7.640184923634527614e-01 7.402985305120713955e-01
5.927007737456857495e-01 8.471473077369769955e-01
9.038649778924396916e-01 5.291552166074734442e-01
-1.568351576868424468e-01 -4.111985886601154938e-01
8.384827597651842712e-01 -2.905084690602728781e+00
8.754826507575378391e-01 8.751584966908220187e-01
-2.332783960786598831e-01 -3.564131242742576422e-01
7.500044743021307969e-01 8.957705026911011448e-01
5.078106319114309430e-01 2.018009818753250251e-01
6.753621317565661197e-01 2.446726402257014543e-01
-5.255694752774926481e-01 -5.523823429725948086e-01
8.471905246175589488e-01 8.773348166110719326e-01
7.755866342076488396e-01 8.097540420125655114e-01
9.135022292344582295e-01 9.541407735230684750e-01
7.863043429449064758e-01 8.130926504581650338e-01
-6.997625389420809583e-01 7.753601833274671451e-01
7.521265516117285888e-01 7.893276170780653134e-01
7.854475965423564077e-01 9.367430495268714852e-01
-3.295717175554527145e+00 -9.440394128974822774e-01
9.065782804402517936e-01 9.285197923413194276e-01
8.841476627351894102e-01 9.493491157973728001e-01
-2.232056160173437664e+00 -2.777137272352545594e+00
-5.965961775551174018e-01 -6.606653738135234155e-01
-4.528269898214044020e-01 -3.487067922973675627e-01
8.000610998284871100e-02 -2.005743735168770692e-01
8.633643877463006433e-01 3.970353025477507125e-01
4.693355793469419779e-02 6.148754541234265070e-02
6.753621317565661197e-01 5.591378083084833639e-01
9.018617152816449378e-01 9.309831937099145582e-01
-2.869677583701147894e-01 -1.955218290002463111e-01
9.272405463917168245e-01 9.479826298742404234e-01
-2.244291136283472543e+00 -1.400161368568146214e+00
-2.264252854197879472e+00 -8.390122167931575170e-01
2.364933115454122270e-01 4.312587691765849551e-01
4.864561296570476534e-01 3.539831318291631890e-01
-2.244291136283472543e+00 -2.169661876906518572e+00
6.181554551086578808e-01 7.345347733762733755e-01
4.808805814908705956e-01 5.839374743355764119e-01
-2.535250288480210279e-01 -3.899300970475341188e-01
2.896524725584888049e-01 3.436485936139727082e-01
-3.627743321787327280e-02 -2.544238231207590281e-02
-1.244557713203479493e-01 5.545894369669964741e-01
8.857699983146490874e-01 9.230057223573326919e-01
1.757566504185177347e-01 6.696959768110510858e-02
8.315105993509787075e-01 6.410682828412359036e-02
8.049667201828593077e-01 7.687170295112896179e-01
4.964738448156854056e-01 -4.334400084841614209e-01
2.896524725584888049e-01 8.689333340747501522e-01
5.925368497548457736e-01 7.332503542337220903e-01
3.676205260790595952e-01 2.467795786300277516e-01
-7.929898488338191775e-01 -1.308852504918418314e+00
-2.479482955119185927e+00 -2.414198973588797426e+00
6.136214232261958390e-01 4.826871347974937554e-01
5.509584545323757965e-01 3.841354760110420319e-01
6.181554551086578808e-01 4.442390255344853545e-01
-2.874498998037969599e+00 -2.412290435406802658e+00
9.136570706594806524e-01 8.758506791223643617e-01
8.867984651315619082e-01 9.379587283341812576e-01
-1.921471300920097880e+00 -1.527137192268386734e+00
7.212920580222510480e-01 6.931021527806885407e-01
-6.682021271864008183e-01 -5.999745007248810102e-01
-6.725120389490177875e-01 -8.228700191320467150e-01
4.777638657628228980e-02 9.341726091755018224e-01
8.116783514859380322e-01 5.313335464746351544e-01
3.617031291461347831e-01 6.262083813906044183e-01
6.397609082429388527e-01 9.342281034860944189e-01
-4.102063141254697620e-01 -3.935841954309263757e-01
8.311901619860098123e-01 3.390088832953492282e-01
4.487622886200371419e-01 5.215203847285061478e-01
7.478140774400194868e-01 6.124398372031985005e-01
5.925368497548457736e-01 7.417854047512931759e-01
8.192828525707249732e-01 8.086294670010887309e-01
-9.132323126817162295e-01 -8.128561449169356967e-01
8.646209126796947642e-01 5.921866682196511578e-01
7.505656053947643569e-01 6.024832021066146570e-01
9.038649778924396916e-01 9.282051789357006477e-01
8.584812179807537191e-01 4.166059084014701042e-01
8.997609707562074233e-01 9.230131355636602697e-01
3.869729986513211761e-01 3.779718852495106418e-01
5.823399056334862545e-01 5.363128133081364046e-01
3.869729986513211761e-01 5.965781579141534730e-01
6.301086276886617155e-01 7.185166756779578501e-01
7.507093184756009618e-01 8.900965661434322440e-01
9.021425157838821596e-01 5.575776706451195386e-01
7.231460936384486171e-01 2.024576184443109828e-01
7.272722190496783146e-01 6.391903987104917695e-01
-5.455578517539763084e-01 -1.518903770770411166e+00
-5.028720846679742701e-02 -3.466768347134803752e-01
9.195114838726955453e-01 1.448268316264702746e-02
6.435455476636667838e-01 6.876463094743202609e-01
6.182181023346567939e-01 -1.770356063933034241e+00
-5.028720846679742701e-02 3.629816422435632184e-01
6.208877997698271367e-02 2.033158387294281277e-01
5.651967486838705979e-01 4.654526581341736913e-01
-2.532656927542000225e-01 -4.101630931603776897e-01
8.729328377476082146e-01 8.715624191266626575e-01
-3.878904113014610133e-01 -2.806123383785697478e-01
9.037013267818276852e-01 -8.990898001111730098e-01
8.628950057150648612e-03 1.792475558601711871e-01
1.704009461661584179e-01 1.312795107501773251e-01
9.111207526913218668e-01 9.513465006418371228e-01
4.487622886200371419e-01 3.189668289285230163e-01
8.678345666075647502e-01 7.050377436102421846e-01
-1.372368744663723938e-01 -9.141324453570230935e-01
7.498665317048404111e-01 9.125743520417681776e-01
5.431535899466333195e-01 6.178197506593178234e-01
7.444853055249130991e-01 8.754193161563362802e-01
2.208350299917189452e-01 8.133616244041836918e-01
-5.255694752774926481e-01 -6.304393395325929017e-01
-8.710205540834685678e-01 -6.906878665273123996e-01
7.420568368916017343e-01 6.862687804297521454e-01
8.567115275519904261e-01 8.312859277348847442e-01
-1.375463774612434964e+00 -1.386694012323848924e+00
-7.627802856339872539e-01 -1.485514480889373656e+00
-7.606366847913530009e-03 -3.616662256725337171e-02
8.306343748492021062e-01 9.267834772582007608e-01
9.426050448050260488e-01 8.965925080129615310e-01
7.238546349512546829e-01 7.113063835726052275e-01
6.136214232261958390e-01 8.088880970358336420e-01
5.915413698457532288e-01 4.723695473265498435e-01
8.396038101848765089e-01 7.936336625161570790e-01
9.527857700203166535e-04 -4.994786601152380323e-02
2.871803153756793958e-01 1.392786265699927917e-01
1.977642940867914770e-02 -2.013629091905881074e-01
-2.332783960786598831e-01 -3.472911858219613901e-01
-1.264563984206992897e+00 7.143000001933859089e-01
-3.295717175554527145e+00 -2.458922818997202331e+00
-2.018985027396404064e+00 -1.949099059189745242e+00
8.633643877463006433e-01 9.037405695951334916e-01
1.352040904603591179e-02 3.558452906204870869e-01
4.751037362832101762e-01 3.232746312946883638e-01
8.386310344019908269e-01 8.210777811456019259e-01
-1.155346015231505818e+00 -1.228394390340255660e+00
9.269324408616963495e-01 9.538071321974648242e-01
3.588836074475469928e-01 6.504808884461422691e-01
6.318756885104874488e-02 7.612507739386681349e-02
7.507093184756009618e-01 6.330803806539698764e-01
8.841476627351894102e-01 9.221898879941881066e-01
5.684729574165003907e-01 4.456743351849389856e-01
5.431535899466333195e-01 5.690264165849727718e-01
-3.262042148410343456e-02 -1.375094171618392869e+00
-3.501239359836447740e-01 -5.768190343157134775e-02
8.584812179807537191e-01 8.647015111709115409e-01
-2.193994860174377504e+00 -2.521023715500598783e+00
8.739522343534259496e-01 9.451433191568986425e-01
8.247922051802040189e-01 8.753195512535658640e-01
7.257171610862999112e-01 7.212515887934097814e-01
3.854420477191561334e-01 4.877330043783865143e-01
-6.249877067501315164e-02 -1.759892443291753705e-02
-1.307703228032156773e+00 -1.422450964626903680e+00
-1.045018087765408721e+00 -1.262971996136927455e+00
3.366597963452157977e-02 -6.273166225256220085e-02
5.925368497548457736e-01 4.953991895911431520e-01
7.071545906035462403e-01 5.741876967061332326e-01
-9.322920890645262082e-01 4.628556451012301176e-01
8.567115275519904261e-01 8.279898477689376923e-01
9.417071791477815701e-01 8.647063044446317015e-01
9.038649778924396916e-01 8.891443619447456648e-01
-2.232056160173437664e+00 -2.341157040296669045e+00
-1.953816006829599106e+00 -6.586388023804494729e-01
7.238546349512546829e-01 8.026146665641549216e-01
6.338620506710819225e-01 4.041534798950405238e-01
2.489025648489008036e-01 2.507426704506066084e-01
-1.394886604875519964e+00 -1.400641632295650751e+00
7.359013779709812075e-01 7.991991916138003749e-01
-3.709583563456525512e-02 2.575148043037372991e-01
9.054661251496841645e-01 7.642303831612720089e-01
7.238546349512546829e-01 8.698283412189242725e-01
7.238546349512546829e-01 9.400844694998771178e-01
8.646209126796947642e-01 8.927651718657254598e-01
8.192828525707249732e-01 7.780951958464622509e-01
5.708443561394728194e-01 6.724739988171725136e-01
-1.033357940361599114e+00 -4.285621923889513796e-01
8.192828525707249732e-01 7.713692630592627886e-01
-1.526710141523828890e+00 -2.019175582590463147e+00
2.207014846546616893e-01 7.354052068481306374e-03
7.755866342076488396e-01 8.467450842083056317e-01
-1.947710848811057716e+00 -2.087123560919737830e+00
-1.305341468035319474e+00 -3.857417181205755746e-02
7.495678453217434756e-01 8.220639690289460733e-01
8.861104880112793403e-01 7.206044377538348700e-01
8.434526108555208124e-01 7.853741284189463823e-01
2.656824132046275988e-01 2.822561908995564472e-01
8.873592227728739346e-01 8.126304787550863162e-01
4.212068636653615861e-01 5.958895151797235501e-01
-6.682021271864008183e-01 -5.899208299049790716e-01
8.754826507575378391e-01 9.523008348251138511e-01
5.823399056334862545e-01 7.094454005498123106e-01
-2.054736727723303069e+00 -1.916350292494801710e+00
-5.314395299746996759e-01 -1.299999221337392097e+00
1.352040904603591179e-02 6.240892414784773301e-01
-1.290337253834003661e+00 -1.432973706687678428e+00
7.854475965423564077e-01 7.732939678055744670e-01
-2.369208170560643811e-02 -3.153520765058738240e-01
6.337024941793688304e-02 3.556812254978661270e-01
-5.255694752774926481e-01 -6.168925502439422948e-01
8.878689724763667579e-01 8.576330851981128767e-01
-2.257424621388284466e-02 -1.530827129665324415e+00
8.503817063853542635e-01 9.459415933834579571e-01
6.258657289643094757e-01 3.987419362139890677e-01
-9.132323126817162295e-01 -8.171048919881072070e-01
9.065782804402517936e-01 9.414602656220675270e-01
8.857699983146490874e-01 8.913678264711435428e-01
2.207014846546616893e-01 1.892836724862667352e-01
6.753621317565661197e-01 9.466849168612366805e-01
-1.238623106991245004e+00 7.081545962555507723e-01
6.139448057390852753e-01 5.863814043296675660e-01
-1.104338655135863462e-01 7.710135549198088301e-01
-2.119637526551689355e+00 -2.371688253174406125e+00
-3.435068386046901123e-01 -5.470262237008983730e-01
7.071545906035462403e-01 6.278103240647807670e-01
8.678345666075647502e-01 8.390757319961776872e-01
8.688763212831560612e-01 7.974112626564118234e-01
3.416582347293271593e-01 2.874798401734565134e-01
4.864561296570476534e-01 4.699128467990540403e-01
-5.426539703329860131e-01 -3.337503546743354477e-01
-3.805951062418793107e-01 -4.243628544489666532e-01
-2.332783960786598831e-01 -4.605307914029302396e-01
5.874644449417045639e-02 2.190223196357916624e-01
-1.264563984206992897e+00 -1.138675542601215590e-01
5.529282582904544441e-01 3.351828941440877507e-01
-3.503024982466962922e-01 -1.856831169649629798e-01
2.044162139618762308e-01 1.435356485411191652e-01
-2.497690695366579228e-01 -9.975087553940255314e-02
7.482288719038654445e-01 7.339597844242259361e-01
5.824233921124816193e-01 4.203731842020623222e-01
-3.931197782316578349e-01 -1.642847313983664570e+00
-1.297739796757041431e+00 4.258250419051731184e-01
7.599804996303795024e-01 6.219958452579750219e-01
6.181554551086578808e-01 6.649534350713739439e-01
-1.921471300920097880e+00 -9.894591989696281953e-01
-5.046856773136495500e-01 -4.329113006047654033e-01
-2.526077261160376564e-01 6.041368069056349821e-01
5.874644449417044945e-02 -5.199905190522572385e-01
-2.994068484674544117e-01 -2.750241439633840587e-02
8.134783260934913551e-01 9.166330711932489939e-01
1.769856525019919691e-01 -1.763997294463480123e-02
8.754826507575378391e-01 9.330653670215444118e-01
6.542291713854603286e-01 6.928576791425637982e-01
3.676205260790595952e-01 -1.460268922857086427e+00
3.437483504063010287e-02 -8.128730783492277290e-02
-1.315337900440445296e+00 -3.213611521711544405e+00
-1.970428078625736101e-01 -4.257265280581483125e-01
-5.673934906388955479e-01 -5.141566581874067454e-01
7.071545906035462403e-01 6.025280463884651327e-01
8.516656556390631572e-01 8.652486046258938135e-01
8.386310344019908269e-01 9.393814969795362124e-01
8.387144015102604433e-01 8.159353127735727851e-01
4.089997221054984117e-02 2.031898506604715438e-01
-8.710205540834685678e-01 -8.241617736498506597e-01
1.856821048116573947e-01 2.308727766684949001e-01
7.521265516117285888e-01 7.208359189381090548e-01
-8.395537519797280357e-01 -1.032686983758363430e+00
7.212920580222510480e-01 7.111918400891840131e-01
-6.190281529025588592e-01 -6.944683580131070233e-01
4.159390862971676928e-01 5.048452105668337353e-01
2.278681368060669343e-01 -1.285456264066512644e-01
5.708443561394728194e-01 4.749640951645003328e-01
-1.780162414884088884e-01 -2.887324672099271239e-01
5.431535899466333195e-01 3.028581049356762200e-01
-1.664858167107515774e+00 4.275864860899470377e-01
-8.395537519797280357e-01 -9.829142224237296110e-01
-5.950098580375890595e-03 5.151642041303574615e-01
8.793710584942289188e-01 9.084406729547830350e-01
-2.332455918449099386e+00 -2.497547904551252973e+00
3.141936982229715514e-01 -2.248617595747718961e-04
3.275128820076088632e-01 4.727193968481142594e-01
7.231460936384486171e-01 7.009970337120631223e-01
4.696030347257827420e-01 9.334971089270708289e-01
-1.843487837902365811e+00 -1.515343545195476205e+00
-4.265958829384071671e-01 -1.387208186573604562e+00
3.635321237996199661e-01 2.130600686053124027e-01
-8.194966711512484681e-01 -8.931355007260140255e-02
-2.214317751615444418e+00 -1.409176260195224017e+00
-1.054300460678026186e+00 -8.692365663884856763e-01
-2.505280615595265395e-02 -4.031750160775149916e-01
5.824233921124816193e-01 6.581539385657508845e-01
1.096680962643001578e-01 1.340715001189180244e-01
8.512624934952077449e-02 -1.878328244452823897e-02
-4.077159917908569353e-01 -4.730614268463562144e-01
3.089372614048985222e-01 -5.815012401561099331e-01
6.367592336888000526e-01 5.139571006552748900e-01
8.306343748492021062e-01 6.917354899495149478e-01
9.038649778924396916e-01 9.547320308026080449e-01
-1.378415284742626201e-01 -2.371076673870551321e+00
-1.748225602956487323e+00 -1.739150385190634029e+00
6.478425676546858414e-01 4.899182153386505423e-01
6.542291713854603286e-01 6.715725703586556961e-01
-6.826064722913400828e-01 -1.449893695157691065e+00
5.423666742135209162e-01 -3.320669403575280398e-01
-4.125626469430558885e-01 -1.516294856571164251e-01
8.678345666075647502e-01 1.833889610002749082e-01
-2.470064307338439846e+00 -1.632124549694706550e+00
8.306343748492021062e-01 7.682102867607626395e-01
8.434526108555208124e-01 7.496339098751420016e-01
7.238546349512546829e-01 8.033381063618996176e-01
2.237302099194189708e-02 2.064957330411334169e-01
6.544536632969111256e-01 7.284959955637220208e-01
5.825227332237622457e-01 7.391858571740803630e-01
-2.487297336535117420e+00 -3.383080669589755729e+00
-1.033070692727405371e+00 -1.179910037950931967e+00
-2.756289768145582242e-01 -4.246455321469390642e-01
-5.950098580375890595e-03 -5.721159127135131417e-01
-6.997625389420809583e-01 1.036870166774827573e-01
8.793710584942289188e-01 9.544559955850782096e-01
-1.532811544102173684e+00 -4.062007836062646593e-01
-5.684099309793821941e-01 -3.056459505503467122e-01
2.237302099194189708e-02 4.552797572649548430e-01
-2.332455918449099386e+00 -1.735812771626806583e+00
1.977642940867914770e-02 6.128097990499653536e-01
-2.332783960786598831e-01 2.503806364952299024e-01
-3.622912719589337915e-01 -9.903339708865450952e-02
4.159390862971676928e-01 6.159525594250531144e-01
-1.558777904488522825e+00 -1.683473895404733023e+00
5.509584545323757965e-01 3.922563857519614783e-01
8.857699983146490874e-01 7.982629598180134289e-01
-1.734108928602078881e-01 -5.545484993175893440e-02
9.018617152816449378e-01 4.747406603730029429e-01
7.215245430944582372e-01 5.665175091473079183e-01
5.502274995489431220e-01 6.496824934367571025e-01
8.867984651315619082e-01 9.554409266076485663e-01
-1.404930615810022099e+00 -1.427969787195898732e+00
3.919550919013715662e-01 4.175805480364383482e-01
-1.532811544102173684e+00 -6.465192002754760470e-01
-8.571043196339713788e-01 -7.643573799751764986e-01
8.510599854621123672e-01 7.791913661632223764e-01
-6.725120389490177875e-01 -7.131041008694671834e-01
3.275128820076088632e-01 3.349004992892357091e-01
7.272722190496783146e-01 7.120973312552845158e-01
-1.662528031967791975e+00 -5.083215780825118824e-01
1.693224429176585222e-01 5.029335039917662842e-01
6.865093097512886544e-01 7.508097538635727375e-01
-9.685130453840280762e-02 4.678593897318231165e-01
-1.615586124202282647e+00 -2.194921038454675344e+00
4.336903187171796681e-01 4.701209544528428541e-01
-8.128120617200546016e-01 -6.929427815786002309e-01
4.864561296570476534e-01 5.600595765874525345e-01
8.045325333577008076e-01 7.456716798125855306e-01
6.832478969308793948e-01 7.272698744949207539e-01
2.237302099194189708e-02 -1.351772904363022776e-01
-8.395537519797280357e-01 -7.766054626569600661e-01
-1.013647639573344250e+00 -9.503918797606731861e-01
-1.532811544102173684e+00 -2.063358949200903680e+00
6.415637523360833150e-01 2.717459684278012433e-01
8.386310344019908269e-01 5.095548507560523355e-01
8.867984651315619082e-01 9.445283264261670197e-01
8.926566238956752386e-01 7.215017522460077659e-01
-5.948795249518959993e-01 -6.776856025119623039e-01
-3.026607172754398167e+00 -2.995679187627996676e+00
2.329215657479119517e-01 1.186346272833555399e-01
-1.953816006829599328e+00 -8.060881173486952322e-01
-9.540140908479827209e-01 -7.299044223027852940e-01
8.628950057150648612e-03 9.327784657549896552e-02
-3.262042148410343456e-02 3.169132336352842305e-02
8.841476627351894102e-01 9.143875402301733235e-01
2.278681368060669343e-01 3.231196759081565451e-01
8.192828525707249732e-01 7.798105834134502201e-01
-2.332455918449099386e+00 -2.251789673195782271e+00
2.237302099194189708e-02 2.947068771416718191e-01
7.599804996303795024e-01 8.666901315951729412e-01
5.509584545323757965e-01 4.533245498668629359e-01
-1.746222440673769638e+00 4.284654490383001113e-02
7.096407861047584476e-01 6.519906735392954067e-01
8.306343748492021062e-01 8.823070542235855740e-01
-8.319103300955751346e-01 -9.109035857964190575e-01
-2.901638496797542821e+00 -5.447056545342745526e-01
8.345657941232530463e-01 8.647510459237803815e-01
5.747379240980340365e-01 4.140165301871215342e-01
9.304509616849016007e-01 9.280420998036827962e-01
3.444911595912079072e-01 6.000522731033676171e-01
-5.950098580375890595e-03 -5.634803947666447987e-01
-2.663149958469234191e-01 -5.214528692630697737e-01
5.265532468422143841e-01 4.903711050524690029e-01
-5.443373534330288310e-02 1.612534858586683190e-02
8.442595189175537973e-01 9.394220695078436822e-01
8.137088194587922541e-01 7.199094394665934704e-01
-7.018893887302743995e-01 -3.184949574798000005e-01
3.006039207597249185e-01 7.084228847352310732e-01
3.676205260790595952e-01 4.572395534444836929e-01
8.476806007732672343e-01 8.445564815316229934e-01
-3.295717175554527145e+00 -2.198318399844933158e+00
8.160591629603000108e-01 8.168693677370956197e-01
8.268436598991837361e-01 8.764587198054302197e-01
2.983455573368193892e-01 4.161097576042075419e-01
7.716260725754487959e-01 7.855220500262148908e-01
-1.719587076596026387e+00 -1.561245669277671277e+00
3.275128820076088632e-01 5.118152401593092371e-01
7.359013779709812075e-01 8.701573893520041514e-01
-2.787369821267478898e+00 -1.722379435078010390e+00
8.678345666075647502e-01 7.504554576352855388e-01
9.054661251496841645e-01 8.692823146536018397e-01
8.861104880112793403e-01 9.098033505506731844e-01
-2.018985027396404064e+00 -3.054639005342945079e-01
2.216060181089515857e-01 2.947556382570617473e-01
1.268358669451575549e-01 -1.887518848906630242e-01
8.387144015102604433e-01 7.438953475519340941e-01
6.144215635954753951e-01 5.482152859551889801e-01
3.454111689182469136e-01 -4.576118825911525412e-01
-2.888068861226395501e-01 -2.615352884945228995e-01
8.386310344019908269e-01 8.414910216956775768e-01
-3.120016827056306674e-01 -6.259440748250029163e-01
9.303687868257926041e-01 9.452971669144627498e-01
5.469062195221783274e-01 6.526206914161739592e-01
6.542291713854603286e-01 5.442557715214472180e-01
-4.576593987359245941e-01 1.143134602025669549e-01
6.431778857364259805e-01 6.259454447413910216e-01
8.731571309531657166e-01 8.024783551536647241e-01
-1.378415284742626201e-01 4.816780076710335812e-01
-2.369208170560643811e-02 -4.017435832388420169e-01
-3.435068386046901123e-01 -4.412427107450102026e-01
7.927671855549914826e-01 6.873903445501760023e-01
8.754826507575378391e-01 9.132354622623645168e-01
-5.028720846679742701e-02 9.475655837874398246e-01
-5.443373534330288310e-02 -4.076412844803874447e-01
-5.314395299746996759e-01 9.530580988046396529e-01
-8.067231102507910201e-01 -1.480658530597683598e+00
8.754826507575378391e-01 8.226988423947280138e-01
-1.013647639573344250e+00 -5.489863613647844032e-01
1.977642940867914770e-02 1.735899667531614482e-02
3.416582347293271593e-01 2.725003923239285517e-02
-3.503024982466962922e-01 -1.370815327578661369e-01
8.997609707562074233e-01 9.164730895733349536e-01
3.691994438182038540e-01 7.488526830641660803e-01
7.964730860174917826e-01 7.942623292527549728e-01
-2.585347401036146575e+00 -3.259288713330163123e+00
6.820093649955406567e-01 5.313114067191628820e-01
-8.120422069957797251e-02 -4.255422616986371809e-01
7.755866342076488396e-01 8.108177075776771270e-01
2.880355375890334413e-01 -1.235388192199709412e+00
-9.141890294516905602e-01 -9.430831713722098719e-01
8.678345666075647502e-01 8.756322756100907156e-01
8.386310344019908269e-01 7.856172791265871869e-01
7.293406665539193812e-01 7.477683978436686640e-01
