2.932275175039787407e-01 3.951122756519267476e-01
2.986937044663386387e-01 2.656824132046275988e-01
5.752880688338020132e-01 5.818558320378491855e-01
6.872536807265037240e-01 9.441642713512716778e-01
8.666901315951729412e-01 8.641820694900967936e-01
7.249288747102912156e-01 7.521265516117285888e-01
5.735666728789567959e-01 7.070602647870483093e-01
-2.089614890001511238e+00 -1.129456660588042283e+00
6.941317923533457668e-01 7.016635781018809581e-01
1.392786265699927917e-01 2.207014846546616893e-01
6.541611695875890753e-01 8.820722180098893306e-01
-1.860945735040699711e+00 -1.694202227892797730e+00
-7.299044223027852940e-01 -1.002456959656275126e+00
6.541611695875890753e-01 7.106472214747097116e-01
6.455537756173658215e-01 9.435479593421972622e-01
-9.503918797606731861e-01 3.883986170703671581e-01
-1.739150385190634029e+00 -1.795834764703439612e+00
-3.457880650025036418e-01 -3.026607172754398167e+00
4.161097576042075419e-01 7.640184923634527614e-01
1.860756393317718194e-01 -6.390687057703787755e-01
8.546665228861137775e-01 9.022435579285794649e-01
7.558892693888999981e-01 7.716260725754487959e-01
6.292257508585425985e-01 7.170508141224204435e-01
-4.017435832388420169e-01 -5.684099309793821941e-01
8.647510459237803815e-01 8.415740671211838775e-01
-9.827810159722143446e-01 -1.168990932299481811e+00
-2.577803980782777393e-01 7.461202938313529417e-03
-5.335259126223038662e-01 -3.622912719589338471e-01
6.504808884461422691e-01 7.569253960098338840e-01
-8.931355007260140255e-02 -9.596870029839756899e-01
3.250853583634114030e-01 2.361993876964173789e-01
8.891443619447456648e-01 8.937842453352828898e-01
4.903711050524690029e-01 7.475154416671299096e-01
5.118152401593092371e-01 6.258657289643094757e-01
9.337102797726181125e-01 9.418705158753120088e-01
9.333756455661001983e-01 9.075890616874842109e-01
6.486327329361560867e-01 6.058421709470052097e-01
6.942464781414646735e-01 8.507350229751874382e-01
8.576330851981128767e-01 8.878689724763667579e-01
7.946257116990008695e-01 7.407412974071206913e-01
-5.622448414326510768e-01 -5.622127648554058332e-01
-2.458922818997202331e+00 -3.430848799432373308e+00
8.165757726911584413e-01 8.913684543035728103e-01
8.839566871631735490e-01 9.075602324061092796e-01
5.752880688338020132e-01 5.442440468111980900e-01
6.025280463884651327e-01 6.478076656728193328e-01
-1.032686983758363430e+00 -1.478081896952804231e-01
5.363128133081364046e-01 2.983455573368193892e-01
-1.032686983758363430e+00 -1.139051386536789279e+00
9.262905756794723722e-01 9.100742127086454136e-01
7.856172791265871869e-01 6.139448057390852753e-01
-8.354805223257651958e-01 -9.838422847624757051e-01
6.124398372031985005e-01 5.947904215266945904e-01
-1.846650305106942280e+00 -1.526710141523828890e+00
-7.038722553598214526e-02 7.929686838919836056e-01
-8.458255084140487989e-01 -7.595054096659427101e-01
-1.022079486119307212e-01 1.501552929708559192e-01
7.991991916138003749e-01 8.753138845570517246e-01
1.441123725037964931e-01 -1.134561967688811485e-01
7.973725353423101181e-01 4.876372657767839014e-01
-1.739150385190634029e+00 -5.915205931020788288e-01
-7.655259174927024901e-01 -1.307703228032156773e+00
-1.285456264066512644e-01 -4.173281877059594192e-01
2.692311925427445241e-01 -2.535250288480210279e-01
2.692311925427445241e-01 2.562408397957991468e-01
4.699128467990540403e-01 2.896524725584888049e-01
-1.339548496314331816e+00 -1.396883304037461970e+00
5.470244522288972844e-01 5.509584545323757965e-01
-8.128561449169356967e-01 -9.132323126817162295e-01
1.186346272833555399e-01 4.693355793469419779e-02
6.284658334285883052e-01 7.215245430944582372e-01
5.966888759687464239e-01 6.490403994483761041e-01
-1.683102210520286635e+00 -1.251655772920927445e+00
-6.256401083709445254e-01 -7.656168132867013920e-01
3.160453438039906304e-01 3.095020989236085263e-01
8.515740309578088141e-01 7.332469000813368609e-01
6.646926543259106257e-01 7.740259632305448445e-01
-9.413551300391277410e-01 1.629433781314187368e-01
7.215017522460077659e-01 7.257171610862999112e-01
-1.878328244452823897e-02 -5.884030541683109988e-02
1.955389543529372776e-01 7.140643485035811366e-01
6.292257508585425985e-01 7.475386783711284178e-01
5.482152859551889801e-01 6.431778857364259805e-01
-1.307206192690089308e+00 -1.290584376718454829e+00
-1.759892443291753705e-02 1.653597990825891179e-02
7.650190699204573175e-01 8.040426093959880394e-01
-1.942203532254396903e+00 -1.461904024259885304e+00
7.713692630592627886e-01 8.192828525707249732e-01
5.227035064582818968e-01 5.147779772080678384e-01
8.893864978954251210e-01 9.314138198404510183e-01
7.946257116990008695e-01 5.826914377662003597e-01
-3.213611521711543961e+00 -8.778319948981702647e-02
-1.368454635307404743e+00 -1.394886604875519964e+00
-4.243628544489666532e-01 -3.805951062418793107e-01
6.262083813906044183e-01 8.160591629603000108e-01
-2.688755091142136511e+00 -2.585347401036146575e+00
-2.018759390047887847e-01 -6.635243071932287462e-01
-6.949968285355538899e-01 -6.830026107142002090e-01
5.048452105668337353e-01 -6.871508687371968502e-03
7.946257116990008695e-01 7.319344025357046313e-01
3.349004992892357091e-01 -1.789608495295540447e+00
-1.878328244452823897e-02 3.908062477385903510e-01
-4.111985886601154938e-01 -5.388959975329629115e-01
8.727415609199784541e-01 8.856741497256549467e-01
-2.428807404664429903e+00 -3.550283801661335392e+00
8.805591321496610835e-01 9.187511679730288039e-01
-1.375094171618392869e+00 -1.673480874880993508e+00
3.019123155289956117e-01 4.226279395986837772e-01
-9.141324453570230935e-01 -1.104338655135863462e-01
-8.692365663884856763e-01 -1.031963567805326054e+00
-2.471798424853966836e+00 -3.578233926150619304e+00
2.509740437771378896e-01 1.623083911767009835e-01
-1.856831169649629798e-01 5.529282582904544441e-01
5.118152401593092371e-01 -5.368789047389893598e-01
-2.040639611014871124e-01 3.222817951721107521e-01
8.927651718657254598e-01 8.646209126796947642e-01
9.129648939131346230e-01 9.186329414620701961e-01
1.892836724862667352e-01 2.271362732399356266e-01
1.892836724862667352e-01 6.237011235326130054e-02
-2.019175582590463147e+00 -2.010757715939069712e+00
8.226988423947280138e-01 7.396023608765849300e-01
5.494622163837087347e-01 7.533745654933323710e-01
-1.313717876928248929e+00 -5.018573753489834477e-01
8.364159684561678354e-01 8.602469087680557625e-01
-6.905291027108123592e-01 -2.095725942162439404e-01
-1.794743416992516938e+00 -2.214317751615444418e+00
5.118152401593092371e-01 5.078106319114309430e-01
8.279898477689376923e-01 8.510599854621123672e-01
-2.090891610491198982e+00 -1.746222440673769638e+00
-8.931355007260140255e-02 -9.090882984458360516e-01
6.658939288969941694e-01 5.871146425772084676e-01
7.220486535760126112e-02 -3.305935614018977731e+00
-2.032608114461651017e+00 -1.921471300920097880e+00
-1.603135688265197922e+00 -1.619780327269198184e+00
-4.730614268463562144e-01 -3.435068386046901123e-01
8.279898477689376923e-01 8.155821152922837491e-01
5.482152859551889801e-01 6.144215635954753951e-01
-1.561245669277671277e+00 -1.616902218204997688e+00
9.276162069211273398e-01 9.232942129202426074e-01
-3.320669403575280398e-01 -7.929898488338191775e-01
7.220486535760126112e-02 -2.848260094897038464e+00
-1.763997294463480123e-02 -1.438302245070775420e+00
8.736786157491371885e-01 8.578125464029476843e-01
4.258250419051731184e-01 -1.297739796757041431e+00
-1.736710582046572915e+00 -9.923842027673157595e-01
3.556812254978661270e-01 3.540062532791440342e-01
7.409626718346855601e-01 8.476806007732672343e-01
5.993924003605214379e-01 4.777638657628228980e-02
-2.341157040296669045e+00 -2.597629288337300224e+00
2.507426704506066084e-01 2.489025648489008036e-01
7.973725353423101181e-01 9.035604560738073054e-01
-2.428807404664429903e+00 -1.969747730812108355e-01
-8.945329760187568091e-01 2.680738651382151561e-03
4.654526581341736913e-01 6.434481813066206257e-01
-1.561245669277671277e+00 -1.639700336949922344e+00
5.958895151797235501e-01 6.832478969308793948e-01
5.483284924009284023e-01 4.957723908453405826e-01
-1.955218290002463111e-01 -2.869677583701147894e-01
-5.000280937310702667e-01 -4.179275221362925286e-01
-8.458255084140487989e-01 -7.528883112198638816e-01
3.539831318291631890e-01 5.491407923473847763e-01
2.869840355246205399e-01 5.871194691099505120e-02
8.805591321496610835e-01 8.792624022938624329e-01
5.735666728789567959e-01 6.415637523360833150e-01
9.081098022516893575e-01 9.120739995117917998e-01
6.876463094743202609e-01 8.754826507575378391e-01
8.525906247112040592e-01 8.637260729912331625e-01
1.412609184691234476e-01 -1.742549783809685393e-01
5.118152401593092371e-01 7.854475965423564077e-01
-8.228700191320467150e-01 -7.128897723183068580e-01
7.991991916138003749e-01 8.136804476287421428e-01
8.576330851981128767e-01 7.225119628899476787e-01
3.779718852495106418e-01 -1.136498607764421243e-01
6.872536807265037240e-01 3.696049707081655034e-01
-3.436762837007583560e+00 -2.960781668819931767e+00
7.573532683894622641e-01 2.607906977379502167e-01
1.684463082992163352e-01 -1.107042917743033816e-01
6.504808884461422691e-01 8.155952025730019983e-01
7.642303831612720089e-01 8.346789931589184697e-01
9.129648939131346230e-01 9.116404856188609074e-01
5.442557715214472180e-01 6.389221863738058227e-01
4.727193968481142594e-01 3.583937896232990972e-01
1.488149946078373975e-01 -1.040670488686614714e+00
-7.766054626569600661e-01 -8.395537519797280357e-01
4.701209544528428541e-01 4.608397275238263480e-01
-2.442388213069023095e+00 -3.455597449823327061e+00
6.944758497177022649e-01 9.108099290762619038e-01
8.715624191266626575e-01 8.008474038246471416e-01
2.099276662560560780e-01 -9.195090566397841336e-02
-3.200256200998328748e-01 1.352040904603591179e-02
-3.320669403575280398e-01 -1.378415284742626201e-01
9.081375314003443944e-02 -2.505280615595265395e-02
8.619450638699973632e-01 8.541393945529839327e-01
-7.141772650868575267e-01 -1.162242304346239319e+00
6.323962370671402100e-01 8.045298694936116046e-01
4.842279118878882738e-01 2.077089816937625066e-01
-6.629610970159917072e-01 -2.105105995587242540e-01
8.220639690289460733e-01 6.424983288427812411e-01
-1.906650730811468630e+00 -1.315337900440445296e+00
2.278594400102630091e-01 3.854420477191561334e-01
8.515740309578088141e-01 9.388151914198439307e-01
4.826871347974937554e-01 4.159535913398371143e-01
-2.223355355825228585e+00 -2.332455918449099386e+00
6.759124206277022928e-01 6.074001943428637418e-01
-1.299999221337392097e+00 -2.981944090283559667e+00
-3.326288890769555362e+00 -2.470064307338439846e+00
-6.944683580131070233e-01 -6.190281529025588592e-01
-1.386694012323848924e+00 -1.375463774612434964e+00
-1.000623919783165006e+00 -5.669634853584837320e-01
9.122389320638332189e-01 9.478678545074803452e-01
-4.017435832388420169e-01 -2.369208170560643811e-02
-2.513476996971367949e+00 -3.117768585417047600e+00
7.724672052162377955e-01 8.150981583811627296e-01
3.555928460794263724e-01 4.053939726665771737e-01
1.955389543529372776e-01 5.447969275477347884e-01
6.248954936408734895e-01 -2.132039350738580197e+00
6.873903445501760023e-01 7.354957625097073848e-01
8.666901315951729412e-01 6.860984665955346395e-01
7.692358712796932840e-01 8.154872610468997252e-01
4.395553456309150842e-01 -1.402494410448517081e+00
4.277470368492392039e-02 3.924512957880648134e-01
-2.104616863674285021e+00 -1.754389101351975677e+00
-2.806123383785697478e-01 -8.329301838733568775e-02
-1.030930550595851480e+00 -1.203338039576918650e+00
-6.433843770969172038e-01 -1.238623106991245004e+00
8.515740309578088141e-01 9.018617152816449378e-01
7.973725353423101181e-01 6.863927571488970258e-01
7.020636084142511946e-01 6.832230459530798106e-01
4.581822728175095061e-01 6.237581869724321271e-01
2.020472307390240585e-01 2.045469984185313561e-01
-2.341157040296669045e+00 -2.456131568244026564e+00
8.715624191266626575e-01 9.384741538745062783e-01
6.541611695875890753e-01 3.676205260790595952e-01
5.665175091473079183e-01 7.358495504924760233e-01
-6.304611136554217898e-01 -1.033070692727405371e+00
-2.248617595747718961e-04 9.497883534227689051e-01
7.105229795475925814e-01 8.915123991895533839e-01
-2.090891610491198982e+00 -1.664858167107515774e+00
-2.233320801019073709e+00 -3.563900340430586677e+00
1.340715001189180244e-01 -4.132639436809149025e-02
5.483284924009284023e-01 5.823399056334862545e-01
-1.602699470003453586e+00 -1.765959840617977061e+00
-2.458922818997202331e+00 -3.351572963132663396e+00
6.940171065652269711e-01 6.380110779208826299e-01
7.724672052162377955e-01 7.359013779709812075e-01
4.654526581341736913e-01 -8.096737690721975689e-01
4.512810080351379316e-01 4.777142367822624913e-01
8.352610531567841168e-01 9.051157544667173260e-01
6.509780706649826998e-01 7.491315881329623227e-01
-1.211618852890492759e+00 -1.512892343292426833e+00
-2.412290435406802658e+00 -2.874498998037969599e+00
-2.805524066014164042e+00 -2.487297336535117420e+00
9.225823601185233480e-01 9.433597286575182705e-01
4.456743351849389856e-01 5.684729574165003907e-01
-1.268404030738922994e-01 8.866991984871998300e-02
8.726938352784789910e-01 7.622898943318916487e-01
4.568454300741722207e-01 5.651967486838705979e-01
-3.054639005342945079e-01 -2.018985027396404064e+00
-5.545484993175893440e-02 -1.734108928602078881e-01
8.736786157491371885e-01 8.718006708830861040e-01
8.220639690289460733e-01 9.495481560964642576e-01
-6.259440748250029163e-01 1.687109141887463970e-01
-5.604559481767196205e-01 5.735331412535880219e-02
9.322243213363642922e-02 4.848165375976460356e-01
-9.109035857964190575e-01 -8.319103300955751346e-01
8.515740309578088141e-01 9.007611899664511590e-01
-1.287669153303046654e+00 -1.030115116726275204e+00
3.232746312946883638e-01 -6.938136349232976174e-02
4.568454300741722207e-01 4.877365355431045879e-01
-8.241617736498506597e-01 -7.627802856339872539e-01
8.839566871631735490e-01 8.788624203654568090e-01
-2.359250319080404695e-02 2.278681368060669343e-01
7.713692630592627886e-01 6.450060376653372618e-01
-6.304393395325929017e-01 -5.255694752774926481e-01
8.026146665641549216e-01 7.444853055249130991e-01
7.243945106400345724e-01 8.247922051802040189e-01
-1.603135688265197922e+00 -3.020493192115984993e+00
-9.827810159722143446e-01 -1.189746302729948857e+00
-2.169661876906518572e+00 -1.256703452450329328e+00
-9.179696030858132128e-01 -7.570584218595295400e-01
-2.194921038454675344e+00 -1.637477705373792114e+00
6.943611639295833582e-01 7.438741983821393067e-01
-1.082223919576932536e+00 -1.038604942513804197e+00
5.121946941452177882e-01 8.098803164847900860e-01
7.790593739703060017e-01 7.498665317048404111e-01
-1.561245669277671277e+00 -1.780481430769350615e+00
3.956681881275364576e-01 4.682762453507453015e-01
-3.184949574798000005e-01 -6.625120285820959021e-01
1.374728830680805314e-01 7.123909725463386522e-01
-1.683102210520286635e+00 -7.317906449619863141e-01
7.565705197397240012e-01 7.889731119234093537e-01
2.130600686053124027e-01 4.240662135550916055e-03
8.576330851981128767e-01 8.568924847546227630e-01
3.912073334736352881e-01 4.922515835842522502e-01
7.199094394665934704e-01 8.793528479086197835e-01
3.100524536957996458e-01 2.795319036829594372e-01
-2.614069967891211044e-01 -1.665660777639435652e+00
7.094454005498121996e-01 7.863043429449064758e-01
7.946257116990008695e-01 7.563933903255523061e-01
6.941700209493854024e-01 6.478425676546858414e-01
9.114359878624010980e-01 8.385178439539162643e-01
-1.878328244452823897e-02 -6.608544209552620619e-02
-3.616662256725337171e-02 9.527857700203166535e-04
-4.329113006047654033e-01 -6.085454899631194126e-01
6.536685880541401872e-01 5.609229019075568923e-01
-4.246455321469390642e-01 -5.678248876057099270e-01
4.411115421560652949e-01 4.396928271707362668e-01
7.212515887934097814e-01 7.236609502083658496e-01
-2.359250319080404695e-02 6.208877997698271367e-02
6.284658334285883052e-01 6.559506108992132489e-01
7.196020080325179480e-01 6.132925623688206818e-01
9.030137163107162523e-01 9.137764594343290581e-01
5.442557715214472180e-01 8.306343748492021062e-01
5.470244522288972844e-01 5.089499183667248738e-01
3.382597634470617676e-01 2.329215657479119517e-01
2.190223196357916624e-01 1.239560558177889432e-01
-1.000623919783165006e+00 -1.294137127511233665e+00
7.845859381899120688e-01 8.867984651315619082e-01
9.718852739379754690e-02 -4.917978809285055708e-01
8.515740309578088141e-01 9.143941996282148876e-01
-2.198318399844933158e+00 -2.526852527713259189e+00
9.225823601185233480e-01 9.385998915142413912e-01
2.919926163944833175e-01 2.216060181089515857e-01
-7.821804267914270747e-01 -9.649608149765643850e-01
4.608582581455153426e-01 5.431535899466333195e-01
6.691836405874328486e-01 7.482288719038654445e-01
8.839566871631735490e-01 8.678345666075647502e-01
5.483284924009284023e-01 1.497659787247394847e-01
6.504808884461422691e-01 3.588836074475469928e-01
9.129648939131346230e-01 9.415804305458159718e-01
3.393162788335725710e-01 4.751037362832101762e-01
-1.165540528656957120e+00 -6.030061686917520536e-01
7.081545962555508833e-01 8.034472191534520746e-01
6.526206914161739592e-01 8.503817063853542635e-01
8.254626822505860551e-01 -2.598179225389833369e-01
6.262083813906044183e-01 3.869729986513211761e-01
-3.184949574798000005e-01 -8.690521020544290653e-01
-3.337503546743354477e-01 -5.426539703329860131e-01
4.971334949002981785e-01 5.824233921124816193e-01
9.225823601185233480e-01 9.542431732475898931e-01
6.944758497177022649e-01 6.156265123443246390e-01
6.504808884461422691e-01 2.243775840493507628e-03
-1.272896713881314368e-01 5.529474502703740635e-02
-6.767477081366043423e-01 -2.063604984737567871e-01
8.727415609199784541e-01 9.136570706594806524e-01
6.455537756173658215e-01 9.354733239078096840e-01
-1.440151982719890755e+00 -1.059796655171815427e+00
7.193746496965578441e-01 -2.061468798466561392e+00
7.732939678055744670e-01 7.238546349512546829e-01
-8.614328803970067172e-01 -7.304654568344738363e-01
-1.561000372840758432e+00 -1.832464768170549707e+00
-2.153881613977848553e-01 3.437483504063010287e-02
8.839566871631735490e-01 9.215817200197587988e-01
-1.856831169649629798e-01 6.820093649955406567e-01
6.876463094743202609e-01 7.599804996303795024e-01
7.946257116990008695e-01 8.045325333577008076e-01
-9.894591989696281953e-01 -1.329064436780638125e+00
-2.371688253174406125e+00 -2.119637526551689355e+00
8.822733416942782902e-01 9.535256777182541388e-01
9.225823601185233480e-01 9.195114838726955453e-01
9.276162069211273398e-01 9.272405463917168245e-01
7.780951958464622509e-01 8.926745525213006793e-01
-3.056921718594403647e-01 -5.867853265359074255e-01
5.118152401593092371e-01 5.265532468422143841e-01
-1.561245669277671277e+00 -1.748225602956487323e+00
-5.489863613647844032e-01 -7.048149140205403063e-01
-1.444269382992128259e+00 -1.419348726924262838e+00
4.723695473265498435e-01 4.616741512648886436e-01
6.696959768110510858e-02 1.757566504185177347e-01
-2.213901829780832387e+00 -2.479482955119186371e+00
3.460828309599565111e-01 3.454111689182469136e-01
-6.397554894532514469e-01 -3.980226199496694761e-01
-3.213611521711544405e+00 -3.300844248630886213e+00
8.401995439954217382e-01 9.432406243724736905e-01
7.692358712796932840e-01 8.861104880112793403e-01
1.628309291875036091e-01 2.364570190120454662e-02
4.628556451012301176e-01 -1.141093173951862605e+00
2.874798401734565134e-01 4.267765953006611990e-01
5.029335039917662842e-01 1.539960237489915729e-01
9.274616658317840212e-01 8.926566238956752386e-01
6.691836405874328486e-01 6.489435878119500511e-01
-8.476188411061525985e-01 -1.423776314483534700e+00
-9.882212679586291904e-01 5.973363855850658544e-01
6.372555015063550155e-01 7.414337876028144203e-01
2.805353859521548254e-01 8.311901619860098123e-01
8.414910216956775768e-01 8.997609707562074233e-01
5.591378083084833639e-01 5.055066466006996606e-01
3.539831318291631890e-01 4.864561296570476534e-01
-5.604559481767196205e-01 -3.501239359836447740e-01
-4.017435832388420169e-01 7.094865824750582473e-01
4.512810080351379316e-01 5.215818903385497363e-01
8.891443619447456648e-01 9.505481952570896675e-01
-8.692365663884856763e-01 -1.072097221820499602e+00
7.591908270967756556e-01 7.231460936384486171e-01
3.903382882663924414e-01 -8.265128701225045171e-01
7.031434868991879306e-01 8.791086558257077410e-01
8.704515970146509130e-01 9.254867616337915104e-01
-1.722379435078010390e+00 -2.508272220273272790e+00
-2.833336047148394404e-02 -2.332783960786598831e-01
4.158738783455577237e-01 9.459176250875961367e-01
6.715725703586556961e-01 7.779336452641308908e-01
4.723695473265498435e-01 -6.997625389420809583e-01
5.087501182877546269e-02 -1.327503380623496210e-01
-1.456738628930468238e+00 -6.816309293494985377e-01
-6.928388912792964316e-01 -5.891392319049540971e-01
8.386177330662684115e-01 9.417071791477815701e-01
6.944758497177022649e-01 6.737234154289952759e-01
6.934433836365027082e-01 7.191850765879790330e-01
-1.299999221337392097e+00 4.760272250148424034e-01
5.111833851038544152e-01 6.505821681915722188e-01
-1.617293701914701565e+00 -1.527991222812138394e+00
-9.482756240266452252e-01 -1.291366716337631226e+00
3.393162788335725710e-01 1.704009461661584179e-01
8.839566871631735490e-01 9.139096030773025126e-01
-2.233320801019073709e+00 -5.036925652106637452e-01
-1.794743416992516938e+00 6.182181023346567939e-01
6.504808884461422691e-01 -1.480215119114815236e-01
-7.640459225021142275e-01 4.135766387135430544e-01
8.703745525540490524e-01 7.304935949967525932e-01
8.094076293210163975e-01 8.471905246175589488e-01
9.030137163107162523e-01 8.876809713705900995e-01
4.395553456309150842e-01 -1.726639768160877164e+00
8.704515970146509130e-01 9.098609483563361300e-01
2.248386951167318307e-02 3.392707360272991576e-03
-2.104616863674285021e+00 -1.732873343354329965e+00
-7.141772650868575267e-01 -2.060682316432060457e+00
-9.827810159722143446e-01 -1.345609304290535713e+00
-8.354805223257651958e-01 5.828274458742223052e-01
5.483284924009284023e-01 -3.980725281822240502e-01
2.716813406422048383e-01 -4.853976533973013985e-01
9.386672002425140438e-01 8.729328377476082146e-01
7.973725353423101181e-01 9.371862344540442535e-01
7.591908270967755445e-01 8.516656556390631572e-01
5.181556831632885274e-01 6.544536632969111256e-01
-2.090891610491198538e+00 -2.489462652086180672e+00
5.735666728789567959e-01 5.588091502231132823e-01
7.692358712796932840e-01 8.051022217472414422e-01
8.751584966908220187e-01 9.244586484259755821e-01
-3.806806828275165200e-02 5.915413698457532288e-01
-1.285456264066512644e-01 3.634979417126470991e-01
-7.640459225021143386e-01 -2.257424621388284466e-02
-3.213611521711543961e+00 -3.023935702360072142e+00
-7.640459225021144496e-01 -3.114905588236256406e-01
5.735666728789567959e-01 5.980800666552582578e-01
5.752887990549628849e-01 5.675156348161750630e-01
-7.766054626569600661e-01 -1.246419599656120258e+00
2.573426055693309178e-01 -8.402517146001280413e-01
-5.214528692630697737e-01 -2.497690695366579228e-01
9.230131355636602697e-01 9.469873086630814507e-01
7.895679652644601587e-01 9.509955693276702648e-01
-1.378531440456373325e+00 -2.322406553696304776e+00
-7.979766457772238253e-01 -3.796526867675630856e-01
6.541611695875890753e-01 8.315105993509787075e-01
7.795794870332586335e-01 7.293406665539193812e-01
-2.251789673195782271e+00 -2.970119803456401808e+00
-1.603135688265197922e+00 -2.239072875683424169e+00
7.196020080325179480e-01 5.574939833121830279e-01
2.283885532772805260e-01 3.101601508397173745e-01
7.795794870332586335e-01 7.755866342076488396e-01
4.161097576042075419e-01 -3.470525406474871122e-02
6.944758497177022649e-01 8.646230725943597761e-01
-8.354805223257651958e-01 1.543081579490118149e-01
7.105229795475925814e-01 8.041674350170679997e-01
6.934433836365027082e-01 6.542291713854603286e-01
9.276162069211273398e-01 9.454471292818551476e-01
-1.032686983758363430e+00 -9.976987757782312949e-01
-3.054639005342945079e-01 -5.343351280231359857e-01
-1.853953667497324487e+00 -1.947710848811057716e+00
8.727415609199784541e-01 9.143267179430203395e-01
5.591378083084833639e-01 6.753621317565661197e-01
8.546665228861137775e-01 9.414838346478741071e-01
8.086294670010887309e-01 8.567115275519904261e-01
-5.604559481767196205e-01 -1.159739747875512039e+00
4.442390255344853545e-01 7.880359129404845842e-01
7.650190699204573175e-01 8.615258881481822062e-01
4.701209544528428541e-01 9.502037780878761497e-01
6.416934602230658369e-01 3.454138179621882299e-01
4.953991895911431520e-01 5.925368497548457736e-01
2.507426704506066084e-01 5.745349765649216955e-01
5.118152401593092371e-01 7.115934389638000068e-01
7.020636084142511946e-01 6.435455476636667838e-01
6.570675748586080056e-01 6.017266645719177021e-01
-1.516294856571164251e-01 5.331880388200088694e-01
8.647015111709115409e-01 9.137565243483443123e-01
5.936854065576265826e-01 7.664957621431126578e-01
7.558892693888999981e-01 8.718822753734857267e-01
-2.169661876906518572e+00 -2.244291136283472543e+00
5.821813062016494289e-01 4.121797521547875820e-01
-5.489863613647844032e-01 -4.308617359928046397e-01
5.118152401593092371e-01 4.964738448156854056e-01
8.718545252858975747e-01 9.217247920303061059e-01
-9.882212679586291904e-01 -2.385546039223625403e+00
7.973725353423101181e-01 5.941588005026254837e-01
7.855220500262148908e-01 8.441837122925565096e-01
9.164730895733349536e-01 8.873774073787602523e-01
3.382597634470617676e-01 6.712909538099504081e-01
9.149906227412255566e-01 9.467742924263585769e-01
7.112491118308945648e-01 6.468360523792069383e-01
5.313114067191628820e-01 3.683731978871894741e-01
5.310916414367624627e-01 6.136214232261958390e-01
5.118152401593092371e-01 4.898074090347224185e-01
3.209704888913093024e-01 2.830995998405488323e-01
5.162697585583285731e-01 2.399574731332441146e-01
7.991991916138003749e-01 9.021425157838821596e-01
-2.248617595747718961e-04 4.045443204817816135e-02
8.386177330662684115e-01 7.350554870231899018e-01
-4.062007836062646593e-01 -1.595347202284119081e+00
-1.955218290002463111e-01 -1.718692404197552648e-01
-1.853953667497324487e+00 -1.760186193121707987e+00
-1.878328244452823897e-02 3.118337498799060581e-02
4.004640148247716191e-01 6.584289783357493153e-01
6.128097990499653536e-01 4.324948672499066560e-01
9.342281034860944189e-01 9.216287854793256962e-01
4.568454300741722207e-01 4.487622886200371419e-01
3.366627487480422509e-01 3.474831733545777901e-01
-4.246455321469390642e-01 -2.756289768145582242e-01
9.498568164069003394e-01 9.169022060864413515e-01
-4.329113006047654033e-01 -7.073328928238183932e-01
6.259454447413910216e-01 6.018247041141732145e-01
-1.440151982719890755e+00 -1.218844456453266778e+00
-2.750241439633840587e-02 -2.994068484674544117e-01
-1.878328244452823897e-02 8.512624934952077449e-02
8.821556038744089723e-02 2.258140078047377319e-01
9.084406729547830350e-01 8.793710584942289188e-01
-1.561245669277671277e+00 -1.739496951952845594e+00
9.225823601185233480e-01 9.303687868257926041e-01
8.546665228861137775e-01 9.332591318861453988e-01
4.456639777046288997e-01 6.813448885683157652e-01
3.366627487480422509e-01 6.495571669480345589e-01
9.394220695078436822e-01 9.533791704921770194e-01
9.081375314003443944e-02 1.764838166463184310e-01
5.735666728789567959e-01 7.092238464865998626e-01
-1.440151982719890755e+00 -1.363690805320984412e+00
6.288984756006038568e-01 6.864967590914744511e-01
-5.141566581874067454e-01 -5.673934906388955479e-01
9.225823601185233480e-01 9.384756106830857147e-01
-1.482280635705495939e-02 -2.526077261160376564e-01
-1.199702801096639737e+00 -1.136835123769729838e+00
1.232530554234260722e-01 2.334447077464365805e-01
-1.287669153303046654e+00 -6.064060227646511647e-01
2.874798401734565134e-01 9.203103030501681436e-01
5.328659874710186539e-01 3.632312776260488985e-01
8.126304787550863162e-01 9.447372143731623817e-01
-5.563697569218216676e-01 -4.102063141254697620e-01
6.087933714627563608e-01 6.768606702663277908e-01
7.895679652644601587e-01 5.826492457020652216e-01
8.191095623200069786e-01 9.462124412640435800e-01
6.658939288969941694e-01 6.329765766675390370e-01
-4.329113006047654033e-01 -5.046856773136495500e-01
2.822561908995564472e-01 6.318756885104874488e-02
9.121089599555082250e-01 9.037013267818276852e-01
2.248386951167318654e-02 -4.786679454925018007e-01
2.031898506604715438e-01 -1.002161631528959446e-03
3.125934734118419600e-01 9.487142833824837584e-01
-9.069701847317829246e-01 -1.062210770685072303e+00
7.558892693888999981e-01 7.521714331555341415e-01
-9.503918797606731861e-01 -1.049339430491883496e+00
9.081375314003443944e-02 4.081257992401463586e-01
6.130962473992550565e-01 5.708443561394728194e-01
8.279898477689376923e-01 8.857699983146490874e-01
-8.002725006374108441e-01 2.826536663968964858e-01
4.608582581455153426e-01 4.515847261712246929e-01
9.327784657549896552e-02 -1.180310128474245240e-01
-2.577803980782777393e-01 -3.931197782316578349e-01
6.942137107734306367e-01 8.964444463318370637e-01
-5.899208299049790716e-01 -8.128120617200546016e-01
2.796026599170897686e-01 -6.249877067501315164e-02
3.349004992892357091e-01 3.275128820076088632e-01
1.490575558765231123e-01 2.989613635749989173e-01
7.066327036167266984e-01 8.003202482614500957e-01
1.833889610002749082e-01 2.208350299917189452e-01
4.671441990528635291e-01 4.613424311538952827e-01
1.340715001189180244e-01 1.096680962643001578e-01
9.276162069211273398e-01 8.378970691852583030e-01
9.164730895733349536e-01 9.054661251496841645e-01
5.821813062016494289e-01 -1.516284771833094069e-01
-6.465192002754760470e-01 -1.532811544102173684e+00
7.199094394665934704e-01 8.907568484780009621e-01
-5.815012401561099331e-01 -2.373749611410141680e-01
-1.682499323385350243e-03 1.543410992418703664e-01
3.903382882663924414e-01 -9.774874062260918706e-01
2.874798401734565134e-01 2.552569777557401332e-01
-1.268404030738922994e-01 -6.096143407079287480e-01
2.874798401734565134e-01 3.416582347293271593e-01
7.565705197397240012e-01 8.320203206752527780e-01
7.732939678055744670e-01 8.739522343534258386e-01
1.374728830680805314e-01 5.013157282099824086e-02
1.833889610002749082e-01 5.127854580361836945e-01
-2.442388213069023095e+00 -3.295717175554527145e+00
8.390757319961776872e-01 8.399748980041090718e-01
1.892836724862667352e-01 1.057330573186144318e-01
3.555928460794263724e-01 -4.844016136665513228e-01
3.485390432505128255e-01 -1.760913904700593946e+00
5.363128133081364046e-01 5.699586631580574880e-02
-3.436762837007583560e+00 -3.088498478062123187e+00
4.041534798950405238e-01 7.949490997912943557e-01
-1.561245669277671277e+00 -1.662528031967791975e+00
-1.032686983758363430e+00 -9.336619457918646781e-01
-7.232403567721960025e-01 -7.266409062448878631e-01
-1.179910037950931967e+00 -1.209075616498281436e+00
-1.954476371949090741e+00 -1.185246256997569470e+00
7.102471420102284272e-01 9.334623909459419666e-01
6.944758497177022649e-01 4.272369176038314231e-01
-1.228394390340255660e+00 -7.625441705822764149e-01
5.483284924009284023e-01 -5.455578517539763084e-01
4.678593897318231165e-01 -1.244557713203479493e-01
7.463195465981490306e-01 8.706054860174866628e-01
6.496824934367571025e-01 8.633643877463006433e-01
7.488526830641660803e-01 8.387144015102604433e-01
4.456743351849389856e-01 2.880355375890334413e-01
8.210777811456019259e-01 8.794535189470629177e-01
8.126304787550863162e-01 6.124794435470968246e-01
-9.109035857964190575e-01 -1.043899569606504096e+00
-7.131041008694671834e-01 -2.520532958093070208e-01
2.190223196357916624e-01 2.008301917346768384e-01
5.752880688338020132e-01 6.338620506710819225e-01
1.232530554234260722e-01 5.136263822565690917e-01
4.411115421560652949e-01 4.518949486779584856e-01
-5.199905190522572385e-01 -7.004969932926893295e-01
4.842279118878882738e-01 -5.363460858094412087e-01
6.410682828412359036e-02 5.421688780203089975e-01
-1.666037281331606557e-01 -2.315787010014433156e-01
5.863814043296675660e-01 1.407945149238680471e-01
-2.359250319080404695e-02 -3.150239115560957703e-01
9.225823601185233480e-01 9.304509616849016007e-01
-1.561245669277671277e+00 -1.569670689401031494e+00
3.232746312946883638e-01 3.635321237996199661e-01
8.433257393640795074e-01 8.442595189175537973e-01
-1.632124549694706328e+00 -1.615586124202282647e+00
7.982629598180134289e-01 7.465045109259107470e-01
3.019123155289956117e-01 4.687931043701063505e-01
3.124924384794326992e-01 6.915244454502158522e-01
2.716813406422048383e-01 1.001599778477811203e-01
-7.901314222553352806e-01 -8.900327071516179744e-01
6.696959768110510858e-02 1.268358669451575549e-01
7.120973312552845158e-01 5.603762388486205337e-01
8.727415609199784541e-01 8.647605658403504370e-01
5.752880688338020132e-01 5.745984728446450474e-01
2.869840355246205399e-01 3.339800378602917896e-01
3.970353025477507125e-01 1.769660549354467871e-01
-8.228700191320467150e-01 -6.725120389490177875e-01
-1.316530178847196420e-01 -2.601881151927646907e-01
8.515740309578087031e-01 8.890037940332294886e-01
5.118152401593092371e-01 4.047653803204984690e-01
1.980716991755462029e-03 -5.121734160279365344e-01
3.169132336352842305e-02 -3.262042148410343456e-02
7.212515887934097814e-01 8.224932324602228784e-01
1.612534858586683190e-02 -5.443373534330288310e-02
-2.371688253174406125e+00 -1.850878013363684405e+00
3.903382882663924414e-01 -8.663631905170701142e-01
-1.603135688265197922e+00 -1.932627105956576052e+00
-1.262971996136927455e+00 -1.104323481874413648e+00
-1.409176260195224017e+00 -2.193994860174377504e+00
-1.222829179815996703e+00 -1.575175250401872562e+00
-1.285456264066512644e-01 -4.576593987359245941e-01
-1.527137192268386734e+00 -2.289415082618435182e+00
3.806968961097354498e-01 3.708394029637456235e-01
-9.503918797606731861e-01 -8.571043196339713788e-01
-6.256401083709445254e-01 -1.037330281923481756e+00
5.313114067191628820e-01 2.668906220226406889e-01
8.158171802615407087e-01 9.001794416378602337e-01
4.899182153386505423e-01 4.429421045392554213e-01
-2.688755091142136511e+00 -3.364656628567430197e+00
6.715725703586556961e-01 7.357375008232157620e-01
2.031898506604715438e-01 4.242589651714397461e-03
7.866993913831461516e-01 8.985007516364678093e-01
8.162821776452211520e-01 8.384827597651842712e-01
8.727415609199784541e-01 9.496783394033959658e-01
-1.299999221337392097e+00 -5.314395299746996759e-01
6.943447802455665618e-01 7.071545906035462403e-01
7.729998581343711095e-01 4.798146068712818013e-01
6.862687804297521454e-01 7.272722190496783146e-01
2.031898506604715438e-01 -1.637269206121813939e-02
-4.730614268463562144e-01 -5.501590261015341238e-02
1.435356485411191652e-01 1.231372699763532384e-02
8.525906247112040592e-01 8.584812179807537191e-01
-5.545484993175893440e-02 -2.102748295331204054e-01
-3.487067922973675627e-01 -4.528269898214044020e-01
3.041863827052511682e-01 4.336903187171796681e-01
9.322243213363642922e-02 2.237302099194189708e-02
-1.032686983758363430e+00 -1.007809764831043342e+00
2.308727766684949001e-01 1.827211178466575936e-01
6.715725703586556961e-01 6.427930105799725125e-01
-2.877003325030024761e-01 3.089372614048985222e-01
4.899182153386505423e-01 2.434502132650509520e-01
7.855220500262148908e-01 7.749380604936714212e-01
1.735899667531614482e-02 1.977642940867914770e-02
4.671441990528635291e-01 2.778718758263194477e-01
1.802886909505480861e-01 1.360856939410932387e-01
1.802886909505480861e-01 4.374845625044818109e-01
3.903382882663924414e-01 -8.264261372123773430e-01
1.374728830680805314e-01 1.286254155533650967e-01
5.494622163837087347e-01 6.978638192371005022e-01
8.352610531567841168e-01 8.731571309531657166e-01
-1.736710582046572915e+00 -1.801293460179929085e+00
-8.931355007260140255e-02 -3.610759505692506255e-01
-9.166376616315490000e-02 -3.991520258463956417e-01
-9.109035857964190575e-01 -1.015964775240115747e+00
6.541611695875890753e-01 6.397609082429388527e-01
-1.449062874405248502e+00 -1.232164854422907796e+00
-9.404637718113127987e-01 -3.844292041528897808e-01
4.701209544528428541e-01 6.413537461394741568e-01
5.839434695315701696e-01 6.181554551086578808e-01
7.991991916138003749e-01 9.496144507531275591e-01
-2.018759390047887847e-01 -2.485537480825796841e-01
6.946756314574782376e-01 7.956298705663639170e-01
4.862768590534820023e-01 6.492908261356867827e-01
-4.358949177332221980e-01 5.874644449417044945e-02
8.220639690289460733e-01 7.495678453217434756e-01
-4.994786601152380323e-02 -1.113025038910888220e+00
6.872536807265037240e-01 9.462451176433085420e-01
6.292257508585425985e-01 9.249029912703468082e-01
1.312795107501773251e-01 -3.627743321787327280e-02
1.584716988566707285e-01 -5.028720846679742701e-02
2.248386951167318307e-02 3.802014976258654699e-01
6.004088438747825496e-01 6.943399986195343265e-01
-7.405799005042391636e-01 -8.710205540834685678e-01
-1.603135688265197922e+00 -2.071389551602448975e+00
-5.899208299049790716e-01 -6.682021271864008183e-01
4.258250419051731739e-01 -8.120422069957797251e-02
3.189668289285230163e-01 3.858987633033714171e-01
6.862687804297521454e-01 5.665668844524961445e-01
8.433257393640795074e-01 9.085380138894341151e-01
-1.260948519742552121e-01 -1.421110971264852585e-01
6.098644356946272271e-01 4.159390862971676928e-01
9.270203061792325894e-01 9.296622973675230384e-01
-3.153520765058738240e-01 -2.123012926116859822e-01
5.181556831632885274e-01 5.469062195221783274e-01
4.175805480364383482e-01 3.919550919013715662e-01
7.061654795495208026e-01 8.268436598991837361e-01
9.081098022516893575e-01 9.109464900512351804e-01
7.477683978436686640e-01 5.659161327241386541e-01
6.130962473992550565e-01 7.096407861047584476e-01
7.339597844242259361e-01 5.244461237701977252e-01
-8.171048919881072070e-01 -1.013647639573344250e+00
7.199094394665934704e-01 8.137088194587922541e-01
-1.603135688265197922e+00 -1.793083646970572875e+00
8.086294670010887309e-01 8.153850472825769913e-01
6.248954936408734895e-01 -7.177374866186794211e-01
-9.503918797606731861e-01 -1.196495135304264990e+00
5.752880688338020132e-01 6.533275862436657144e-01
6.649534350713739439e-01 7.185109216014464728e-01
4.550813660543036043e-01 4.883988056495589536e-01
9.484346946136245071e-01 9.495508757855722348e-02
7.212515887934097814e-01 8.345657941232530463e-01
-3.184949574798000005e-01 1.817519249380199764e-01
-3.054639005342945079e-01 -2.232148695337055955e+00
1.036870166774827573e-01 -1.604112219929849203e+00
-2.076857187215867206e+00 -2.326093985637307515e+00
4.312587691765849551e-01 5.693918181452795046e-01
6.908461730567830861e-01 8.625119890884992424e-01
8.515740309578088141e-01 9.260470479227983498e-01
-8.950056538957900099e-01 -9.940591255303483642e-01
9.386672002425141548e-01 9.210221578757438188e-01
-4.255422616986371809e-01 -8.194966711512484681e-01
5.048452105668337353e-01 4.171914427948844595e-01
8.086294670010887309e-01 8.021938746596745107e-01
1.698635691349952292e-01 3.691994438182038540e-01
8.386177330662684115e-01 9.176960794328243853e-01
-3.184949574798000005e-01 -6.814642364150290677e-01
8.312859277348847442e-01 7.927671855549914826e-01
-9.440394128974822774e-01 -1.305341468035319474e+00
1.612534858586683190e-02 4.089997221054984117e-02
-4.412427107450102026e-01 8.952572039201934784e-01
7.780951958464622509e-01 8.434526108555208124e-01
-1.856831169649629798e-01 8.012865496405608967e-01
-6.653594020900501782e-01 -6.390266640235725548e-01
-5.815012401561099331e-01 5.423666742135209162e-01
8.126304787550863162e-01 9.508590522243827170e-01
8.130926504581650338e-01 8.795576015955114402e-01
2.020472307390240585e-01 1.798290021558043017e-01
7.573532683894622641e-01 -2.672616292335766586e-02
3.260459217372705387e-01 1.809827998851052180e-02
9.114359878624010980e-01 8.841476627351894102e-01
8.576330851981128767e-01 8.905941349372291649e-01
-1.386694012323848924e+00 -1.354721832261692738e+00
4.924459859773941961e-01 4.487095991351265356e-01
3.094000927921269906e-02 1.157849248595332614e-01
-5.489863613647844032e-01 -3.596010029107458705e-01
8.681618659953903583e-01 8.437865781461840742e-01
-1.032686983758363430e+00 -1.290337253834003661e+00
-8.241617736498506597e-01 -1.273053971774236848e+00
7.027902353441378702e-01 6.236330458275511912e-01
9.129648939131346230e-01 9.108727506804809027e-01
1.819653980469270182e-01 -3.016644067900928761e-01
1.955389543529372776e-01 4.000755793554697237e-01
9.225823601185233480e-01 8.820059170562728479e-01
-1.743222875902455060e+00 -2.099551056670773796e+00
8.900965661434322440e-01 9.200083225511243024e-01
-2.104616863674285021e+00 -8.157994883958877286e-02
-1.515343545195476205e+00 -3.209753114866654045e+00
2.033158387294281277e-01 6.465171885889105241e-02
8.893864978954251210e-01 8.049667201828593077e-01
3.366627487480422509e-01 -1.263407449290205042e-01
-1.930351302950949144e+00 -7.327644060455240638e-01
7.066327036167266984e-01 8.165180372954632393e-01
-6.606653738135234155e-01 -5.802613313407172235e-01
9.322243213363642922e-02 5.747379240980340365e-01
9.081098022516893575e-01 8.552010288884946965e-01
9.343456749253574722e-01 9.300558431016414662e-01
7.027902353441378702e-01 9.069171569026069912e-01
8.753195512535658640e-01 8.258465340843357261e-01
-2.019175582590463147e+00 -2.160740638839862449e+00
7.339597844242259361e-01 8.459644989275868499e-01
7.394264060534283534e-01 7.482896944440006193e-01
-5.000280937310702667e-01 -4.265958829384071671e-01
8.829486905306581646e-01 9.115009332186522206e-01
4.771437653535105516e-01 4.816795057708818661e-01
6.323962370671402100e-01 5.927007737456857495e-01
-8.390122167931576280e-01 -2.901638496797542821e+00
8.704515970146509130e-01 9.482527494241309585e-01
9.718852739379754690e-02 7.964730860174917826e-01
4.041534798950405238e-01 -1.180161623508792362e-01
6.098644356946272271e-01 2.367167450260025396e-01
-7.299044223027852940e-01 -9.540140908479827209e-01
-1.740992507782571919e-01 -2.469558164214755852e-02
-1.873131199594018970e+00 -8.294287624224281341e-01
2.869840355246205399e-01 3.141936982229715514e-01
6.691836405874328486e-01 7.478140774400194868e-01
5.735666728789567959e-01 6.367592336888000526e-01
-3.616662256725337171e-02 -7.606366847913530009e-03
5.118152401593092371e-01 6.621668800052459281e-01
1.898805864212338712e-01 6.301086276886617155e-01
3.903382882663924414e-01 6.125493286490703015e-01
5.118152401593092371e-01 -3.738869734470543632e-02
-4.285621923889513796e-01 -5.487755341724587232e-01
8.758506791223643617e-01 8.545497617529261847e-01
-9.903339708865450952e-02 3.545371732059044989e-01
9.081375314003443944e-02 -3.248608574915562430e-01
-9.503918797606731861e-01 -9.710018793833874451e-01
6.934433836365027082e-01 6.756956428194177411e-01
7.893276170780653134e-01 9.237851668684357032e-01
8.681618659953903583e-01 7.978294682702963270e-01
-1.853953667497324487e+00 -1.992249472176596869e+00
9.484346946136245071e-01 9.326738776818401799e-01
7.855220500262148908e-01 8.396038101848766200e-01
7.005937460155182983e-02 -9.626917657876925272e-02
2.731621889780133094e-01 1.511701261946337693e-01
-4.243628544489666532e-01 -3.503024982466962922e-01
8.401995439954217382e-01 8.560208952564021256e-01
5.936854065576265826e-01 9.135860942619796754e-01
9.337102797726181125e-01 9.411788815868561420e-01
-8.702842719606158628e-01 -1.899791898702151149e+00
8.927651718657254598e-01 9.040819579529664196e-01
7.212515887934097814e-01 7.466065635268743783e-01
9.122389320638332189e-01 9.426050448050260488e-01
6.691836405874328486e-01 6.459902131133468117e-01
-1.603135688265197922e+00 -1.629488888595435725e+00
3.124924384794326992e-01 8.159448274051175343e-01
-4.051967543898977731e-01 2.411893920260509694e-01
-8.354805223257651958e-01 -2.526388935943792546e+00
5.545894369669964741e-01 2.044162139618762031e-01
-1.763997294463480123e-02 1.769856525019919691e-01
8.525906247112040592e-01 9.098331807761902423e-01
-6.629610970159917072e-01 -5.620026562562664418e-01
6.391903987104917695e-01 4.495423329871354318e-02
-5.999745007248810102e-01 -1.264563984206992897e+00
-1.337681497075037251e+00 -1.054300460678026186e+00
-9.109035857964190575e-01 -8.067231102507910201e-01
-1.299999221337392097e+00 -2.838495580530174145e+00
6.834616699472775281e-01 9.038649778924396916e-01
4.170902845590280794e-01 3.846002984691405113e-01
8.312859277348847442e-01 8.924379050941844138e-01
8.727415609199784541e-01 9.367832996732655682e-01
-4.255422616986371809e-01 -5.950098580375890595e-03
-2.458922818997202331e+00 -4.055535381215946700e-01
8.900965661434322440e-01 9.122568208838841564e-01
6.356570343224490216e-01 9.037347381337158536e-01
9.230131355636602697e-01 9.111207526913218668e-01
-1.603135688265197922e+00 -2.054736727723303069e+00
-3.054639005342945079e-01 -3.019098721374359820e-02
-1.846650305106942280e+00 -1.206505562041116253e+00
1.164350643197710616e-01 -1.748219337687287045e-01
-9.179696030858133238e-01 -1.245413149599411851e+00
-1.449062874405248502e+00 -1.537256250247776457e+00
9.129648939131346230e-01 9.273335455795935767e-01
-1.549355599498324132e+00 -2.427958967135023460e+00
8.352610531567841168e-01 8.778986497772821584e-01
4.953991895911431520e-01 4.435304257782282100e-01
-7.766054626569600661e-01 -8.036194777569679593e-01
7.508097538635727375e-01 6.865093097512886544e-01
9.327784657549896552e-02 8.628950057150648612e-03
8.666901315951729412e-01 8.904633212818467980e-01
-8.692365663884856763e-01 -6.120100865374713539e-01
5.181556831632885274e-01 5.824545186133741614e-01
7.409626718346855601e-01 2.930147305471788588e-01
-8.518252079770290142e-02 -5.448951493024341980e-02
9.368006108433247769e-01 9.135022292344582295e-01
-1.722379435078010390e+00 -1.069918437390608101e+00
-9.161486869939331479e-01 -1.722009657103190428e+00
8.126304787550863162e-01 8.741353809178323830e-01
-1.992749026819301272e-01 -8.359173476490318333e-02
-2.806123383785697478e-01 -3.878904113014610133e-01
1.698635691349952292e-01 2.871803153756793958e-01
-4.238954895949558765e-01 -1.780162414884088884e-01
4.710053939614594065e-01 4.296708568311786158e-01
8.927651718657254598e-01 9.065782804402517936e-01
4.780619764566075847e-01 7.762355814749071214e-01
8.525906247112040592e-01 9.091281652234859401e-01
6.159525594250531144e-01 5.739892164218859394e-01
-2.194921038454675344e+00 -2.823843399347613747e+00
-1.367621135231370522e+00 -1.152080664737969995e+00
8.279898477689376923e-01 8.688763212831560612e-01
4.771437653535105516e-01 3.165593309148817536e-01
-1.968316833728380733e+00 -2.264252854197879472e+00
7.243945106400345724e-01 -1.155722108117956282e+00
-6.273166225256220085e-02 1.745115101921092537e-01
-2.428807404664429903e+00 -3.045337005289219245e+00
2.932275175039787407e-01 3.444911595912079072e-01
-1.268404030738922994e-01 -4.070949091460437930e-02
7.687170295112896179e-01 8.993123200278584362e-01
8.332979105492221983e-01 7.271093587195273100e-01
8.445564815316229934e-01 9.535703286390321276e-01
-2.090891610491198982e+00 -2.787369821267478898e+00
6.098644356946272271e-01 4.212068636653615861e-01
-3.466768347134803752e-01 -1.372368744663723938e-01
-9.413551300391277410e-01 -7.222075292882123021e-01
-1.683102210520286635e+00 -1.846260777109399953e+00
7.409626718346855601e-01 8.116783514859380322e-01
9.718852739379754690e-02 6.399586388402073167e-01
5.993924003605214379e-01 1.856821048116573947e-01
8.647015111709115409e-01 8.806085550108732063e-01
8.515740309578088141e-01 6.422623745542579421e-01
8.681618659953903583e-01 8.386310344019908269e-01
-3.466768347134803752e-01 -5.302847342484273696e-01
1.735899667531614482e-02 -4.323084397749756835e-01
9.171261269012140338e-02 2.398206051070688738e-01
7.724672052162377955e-01 8.248476214481368363e-01
6.480915754393259398e-01 6.727062751653971606e-01
-1.432973706687678428e+00 -1.307887439388772721e+00
8.515740309578088141e-01 7.862575189681965115e-01
5.582482521913344486e-01 7.507093184756009618e-01
8.030405223917410629e-01 7.532620219433336928e-01
9.081098022516893575e-01 9.191364898635678848e-01
-1.337681497075037251e+00 -8.833908202970979229e-01
4.876050304924055556e-01 5.932620852375126708e-01
6.420846835429552257e-01 6.868417458796508557e-01
8.666901315951729412e-01 6.887676162614123632e-01
9.327784657549896552e-02 2.364933115454122270e-01
5.921866682196511578e-01 7.435939183881505876e-01
4.713710212009118439e-01 4.512052071965300115e-01
7.732939678055744670e-01 7.212920580222510480e-01
4.196363735276650853e-01 1.097502398686274194e-01
8.666901315951729412e-01 7.500044743021307969e-01
-9.175854878702281725e-02 -2.532656927542000225e-01
-5.634803947666447987e-01 7.996522021380422229e-01
7.565705197397240012e-01 8.018968333957887662e-01
6.646926543259106257e-01 8.132762045582405674e-01
-2.341157040296669045e+00 -2.232056160173437664e+00
3.436485936139727082e-01 8.166864064049206284e-02
-6.944683580131070233e-01 -2.765414705879357116e-01
7.601394132751098098e-01 8.095963243243328167e-01
7.991991916138003749e-01 6.830417639307072575e-01
-9.975087553940255314e-02 -5.775701640866943709e-01
7.113063835726052275e-01 7.024138175060896661e-01
-9.109035857964190575e-01 -6.328654693561395206e-01
-2.991362470235737203e-01 -1.946628264912779113e-02
-1.415519267776729458e-03 -1.791798503864498781e-03
-2.521023715500598783e+00 -2.043721565103851834e+00
4.140165301871215342e-01 3.760409313454343150e-01
8.024783551536647241e-01 7.505656053947643569e-01
-2.251789673195782271e+00 -2.198591391430934294e+00
-2.398122346009799788e+00 -7.971212579405528853e-01
9.030137163107162523e-01 9.032153166960640300e-01
6.872536807265037240e-01 -1.621648354412536797e-01
-2.076857187215867206e+00 -2.659407352444153716e+00
-2.577803980782777393e-01 3.189473752305643228e-01
7.642303831612720089e-01 9.443315395898997933e-01
3.860269214614703848e-01 5.502274995489431220e-01
-2.991362470235737203e-01 -1.229837491478782185e+00
7.895679652644601587e-01 9.417273642720155324e-01
-6.586388023804494729e-01 -1.953816006829599328e+00
-2.234244921092686020e+00 -2.916101416917971534e+00
-7.122302849652348833e-01 -5.948795249518959993e-01
-1.427969787195898732e+00 -1.488006233522878530e+00
-2.887324672099271239e-01 3.366597963452157977e-02
4.175805480364383482e-01 5.050555357323991412e-01
-1.759892443291753705e-02 -2.838976672241517174e-01
-4.329113006047654033e-01 -5.748458584898021861e-01
7.601394132751098098e-01 4.696030347257827420e-01
5.966888759687464239e-01 3.617031291461347831e-01
8.515740309578088141e-01 9.252156412455515566e-01
9.225823601185233480e-01 9.269324408616963495e-01
-1.082223919576932536e+00 -9.530630721001395189e-01
-1.228394390340255660e+00 -1.935196578118078659e+00
3.841354760110420319e-01 9.058337501783441104e-01
8.692823146536018397e-01 8.672952698934822680e-01
