14
20
18
28
17
26
0.000000e+00
0.000000e+00
0.000000e+00
0.000000e+00
1.000000e+00
2.000000e+00
3.000000e+00
4.000000e+00
5.000000e+00
6.000000e+00
7.000000e+00
7.000000e+00
7.000000e+00
7.000000e+00
0.000000e+00
0.000000e+00
5.193380e-01
7.790070e-01
1.038676e+00
1.298344e+00
1.558013e+00
1.817682e+00
2.337020e+00
2.337020e+00
9.990800e-02
9.736000e-02
1.116010e-01
1.403870e-01
1.594320e-01
1.727660e-01
1.818870e-01
1.891380e-01
1.900000e-01
1.900000e-01
0.000000e+00
0.000000e+00
0.000000e+00
0.000000e+00
1.000000e+00
2.000000e+00
3.000000e+00
4.000000e+00
5.000000e+00
6.000000e+00
7.000000e+00
8.000000e+00
9.000000e+00
1.000000e+01
1.100000e+01
1.100000e+01
1.100000e+01
1.100000e+01
0.000000e+00
0.000000e+00
4.539850e-01
6.809770e-01
9.079700e-01
1.134962e+00
1.361954e+00
1.361954e+00
1.524465e+00
1.686976e+00
1.849487e+00
2.011998e+00
2.337020e+00
2.337020e+00
4.394610e-01
4.394610e-01
4.353040e-01
4.217170e-01
4.077430e-01
3.910070e-01
3.745430e-01
3.745430e-01
4.035920e-01
5.292540e-01
6.689540e-01
8.488820e-01
9.200000e-01
9.200000e-01
0.000000e+00
0.000000e+00
0.000000e+00
0.000000e+00
1.000000e+00
2.000000e+00
3.000000e+00
4.000000e+00
5.000000e+00
6.000000e+00
7.000000e+00
8.000000e+00
9.000000e+00
1.000000e+01
1.000000e+01
1.000000e+01
1.000000e+01
0.000000e+00
0.000000e+00
4.539850e-01
6.809770e-01
9.079700e-01
1.134962e+00
1.361954e+00
1.524465e+00
1.686976e+00
1.849487e+00
2.011998e+00
2.337020e+00
2.337020e+00
4.394610e-01
4.394610e-01
4.380890e-01
4.358450e-01
4.348350e-01
4.321370e-01
4.373930e-01
4.225260e-01
3.575790e-01
2.895740e-01
2.367960e-01
2.400000e-01
2.400000e-01