16
24
20
32
14
20
0.000000
0.000000
0.000000
0.000000
1.000000
2.000000
3.000000
4.000000
5.000000
6.000000
7.000000
8.000000
9.000000
9.000000
9.000000
9.000000
0.000000
0.000000
0.300000
0.614079
1.156794
1.219957
1.219957
1.287975
1.670446
2.000000
2.337020
2.337020
0.099908
0.099908
0.099908
0.079983
0.074440
0.074440
0.074440
0.074440
0.113156
0.190000
0.190000
0.190000
0.000000
0.000000
0.000000
0.000000
1.000000
2.000000
3.000000
4.000000
5.000000
6.000000
7.000000
8.000000
9.000000
10.000000
11.000000
12.000000
13.000000
13.000000
13.000000
13.000000
0.000000
0.000000
0.300000
0.515343
0.770077
0.944247
1.161458
1.219957
1.219957
1.275050
1.469878
1.665065
1.842724
2.024032
2.337020
2.337020
0.439461
0.439461
0.439461
0.418684
0.403131
0.371731
0.367250
0.367250
0.367250
0.367250
0.476152
0.667650
0.854253
0.862240
0.920000
0.920000
0.000000
0.000000
0.000000
0.000000
1.000000
2.000000
3.000000
4.000000
5.000000
6.000000
7.000000
7.000000
7.000000
7.000000
0.000000
0.000000
0.300000
0.629637
1.066397
1.313328
1.669043
2.056846
2.337020
2.337020
0.439461
0.439461
0.439461
0.370605
0.324323
0.310184
0.297816
0.261231
0.240000
0.240000