932.8607971242
932.8594352986
932.8580734696
932.8567116371
932.8553498012
932.8539879619
932.852626119
932.8512642728
932.849902423
932.8485405699
932.8471787132
932.8458168531
932.8444549895
932.8430931225
932.841731252
932.840369378
932.8390075005
932.8376456196
932.8362837352
932.8349218474
932.833559956
932.8321980612
932.8308361629
932.8294742611
932.8281123559
932.8267504471
932.8258058315
932.8280067143
932.8365361012
932.857911716
932.9234637755
933.0850083061
933.4106392368
933.792662328
934.0903797626
934.2973178829
934.4475689031
934.5621870405
934.6505670361
934.7177344639
934.7666751527
934.7990621558
934.8178728835
934.8252543862
934.8226492266
934.8108558466
934.7893777299
934.748715227
934.5426833569
934.4071509858
934.3010658596
934.1829352504
934.0595932769
933.9363252894
933.814396936
933.6944359282
933.5765235146
933.4605333953
933.3463418329
933.2338759356
933.1231293344
933.0141754462
932.9071906105
932.8020934827
932.6993871675
932.6003076985
932.5054219081
932.4151876584
932.3298108534
932.2490947117
932.1724072807
932.0988198514
932.0273337297
931.9571775003
931.8888641876
931.823339978
931.7612111703
931.7028460398
931.648450497
931.5981176449
931.5518685055
931.5096741982
931.471472601
931.4371798832
931.4066985241
931.3799229033
931.3567323448
931.3367556308
931.3194661001
931.3044680261
931.291461635
931.2802182228
931.2705599658
931.2623482928
931.255476744
931.2498674283
931.2454714446
931.2422762208
931.2403330615
931.2399366124
97500
950
18700
214
