0.1	0
0.1	0.0344444444444444
0.1	0.0688888888888889
0.1	0.103333333333333
0.1	0.137777777777778
0.1	0.172222222222222
0.1	0.206666666666667
0.1	0.241111111111111
0.1	0.275555555555556
0.1	0.31
0.2	0
0.2	0.0344444444444444
0.2	0.0688888888888889
0.2	0.103333333333333
0.2	0.137777777777778
0.2	0.172222222222222
0.2	0.206666666666667
0.2	0.241111111111111
0.2	0.275555555555556
0.2	0.31
0.3218	0
0.3218	0.03
0.3218	0.06
0.3218	0.09
0.3218	0.12
0.3218	0.15
0.3218	0.18
0.3218	0.21
0.3218	0.24
0.3218	0.27
0.43	0
0.43	0.0311111111111111
0.43	0.0622222222222222
0.43	0.0933333333333333
0.43	0.124444444444444
0.43	0.155555555555556
0.43	0.186666666666667
0.43	0.217777777777778
0.43	0.248888888888889
0.43	0.28
0.55	0
0.55	0.0322222222222222
0.55	0.0644444444444444
0.55	0.0966666666666667
0.55	0.128888888888889
0.55	0.161111111111111
0.55	0.193333333333333
0.55	0.225555555555556
0.55	0.257777777777778
0.55	0.29
0.67	0
0.67	0.0322222222222222
0.67	0.0644444444444444
0.67	0.0966666666666667
0.67	0.128888888888889
0.67	0.161111111111111
0.67	0.193333333333333
0.67	0.225555555555556
0.67	0.257777777777778
0.67	0.29
