0.000000	0.000000
0.000000	0.010000
0.000000	0.020000
0.000000	0.030000
0.000000	0.040000
0.000000	0.050000
0.000000	0.060000
0.000000	0.070000
0.000000	0.080000
0.000000	0.090000
0.000000	0.100000
0.000000	0.110000
0.000000	0.120000
0.000000	0.130000
0.000000	0.140000
0.000000	0.150000
0.000000	0.160000
0.000000	0.170000
0.000000	0.180000
0.000000	0.190000
0.000000	0.200000
0.000000	0.210000
0.000000	0.220000
0.000000	0.230000
0.000000	0.240000
0.000000	0.250000
0.000000	0.260000
0.000000	0.270000
0.000000	0.280000
0.000000	0.290000
0.000000	0.300000
0.000000	0.310000
0.000000	0.320000
0.006768	0.000000
0.006768	0.010000
0.006768	0.020000
0.006768	0.030000
0.006768	0.040000
0.006768	0.050000
0.006768	0.060000
0.006768	0.070000
0.006768	0.080000
0.006768	0.090000
0.006768	0.100000
0.006768	0.110000
0.006768	0.120000
0.006768	0.130000
0.006768	0.140000
0.006768	0.150000
0.006768	0.160000
0.006768	0.170000
0.006768	0.180000
0.006768	0.190000
0.006768	0.200000
0.006768	0.210000
0.006768	0.220000
0.006768	0.230000
0.006768	0.240000
0.006768	0.250000
0.006768	0.260000
0.006768	0.270000
0.006768	0.280000
0.006768	0.290000
0.006768	0.300000
0.006768	0.310000
0.006768	0.320000
0.013535	0.000000
0.013535	0.010000
0.013535	0.020000
0.013535	0.030000
0.013535	0.040000
0.013535	0.050000
0.013535	0.060000
0.013535	0.070000
0.013535	0.080000
0.013535	0.090000
0.013535	0.100000
0.013535	0.110000
0.013535	0.120000
0.013535	0.130000
0.013535	0.140000
0.013535	0.150000
0.013535	0.160000
0.013535	0.170000
0.013535	0.180000
0.013535	0.190000
0.013535	0.200000
0.013535	0.210000
0.013535	0.220000
0.013535	0.230000
0.013535	0.240000
0.013535	0.250000
0.013535	0.260000
0.013535	0.270000
0.013535	0.280000
0.013535	0.290000
0.013535	0.300000
0.013535	0.310000
0.013535	0.320000
0.020303	0.000000
0.020303	0.010000
0.020303	0.020000
0.020303	0.030000
0.020303	0.040000
0.020303	0.050000
0.020303	0.060000
0.020303	0.070000
0.020303	0.080000
0.020303	0.090000
0.020303	0.100000
0.020303	0.110000
0.020303	0.120000
0.020303	0.130000
0.020303	0.140000
0.020303	0.150000
0.020303	0.160000
0.020303	0.170000
0.020303	0.180000
0.020303	0.190000
0.020303	0.200000
0.020303	0.210000
0.020303	0.220000
0.020303	0.230000
0.020303	0.240000
0.020303	0.250000
0.020303	0.260000
0.020303	0.270000
0.020303	0.280000
0.020303	0.290000
0.020303	0.300000
0.020303	0.310000
0.020303	0.320000
0.027071	0.000000
0.027071	0.010000
0.027071	0.020000
0.027071	0.030000
0.027071	0.040000
0.027071	0.050000
0.027071	0.060000
0.027071	0.070000
0.027071	0.080000
0.027071	0.090000
0.027071	0.100000
0.027071	0.110000
0.027071	0.120000
0.027071	0.130000
0.027071	0.140000
0.027071	0.150000
0.027071	0.160000
0.027071	0.170000
0.027071	0.180000
0.027071	0.190000
0.027071	0.200000
0.027071	0.210000
0.027071	0.220000
0.027071	0.230000
0.027071	0.240000
0.027071	0.250000
0.027071	0.260000
0.027071	0.270000
0.027071	0.280000
0.027071	0.290000
0.027071	0.300000
0.027071	0.310000
0.027071	0.320000
0.033838	0.000000
0.033838	0.010000
0.033838	0.020000
0.033838	0.030000
0.033838	0.040000
0.033838	0.050000
0.033838	0.060000
0.033838	0.070000
0.033838	0.080000
0.033838	0.090000
0.033838	0.100000
0.033838	0.110000
0.033838	0.120000
0.033838	0.130000
0.033838	0.140000
0.033838	0.150000
0.033838	0.160000
0.033838	0.170000
0.033838	0.180000
0.033838	0.190000
0.033838	0.200000
0.033838	0.210000
0.033838	0.220000
0.033838	0.230000
0.033838	0.240000
0.033838	0.250000
0.033838	0.260000
0.033838	0.270000
0.033838	0.280000
0.033838	0.290000
0.033838	0.300000
0.033838	0.310000
0.033838	0.320000
0.040606	0.000000
0.040606	0.010000
0.040606	0.020000
0.040606	0.030000
0.040606	0.040000
0.040606	0.050000
0.040606	0.060000
0.040606	0.070000
0.040606	0.080000
0.040606	0.090000
0.040606	0.100000
0.040606	0.110000
0.040606	0.120000
0.040606	0.130000
0.040606	0.140000
0.040606	0.150000
0.040606	0.160000
0.040606	0.170000
0.040606	0.180000
0.040606	0.190000
0.040606	0.200000
0.040606	0.210000
0.040606	0.220000
0.040606	0.230000
0.040606	0.240000
0.040606	0.250000
0.040606	0.260000
0.040606	0.270000
0.040606	0.280000
0.040606	0.290000
0.040606	0.300000
0.040606	0.310000
0.040606	0.320000
0.047374	0.000000
0.047374	0.010000
0.047374	0.020000
0.047374	0.030000
0.047374	0.040000
0.047374	0.050000
0.047374	0.060000
0.047374	0.070000
0.047374	0.080000
0.047374	0.090000
0.047374	0.100000
0.047374	0.110000
0.047374	0.120000
0.047374	0.130000
0.047374	0.140000
0.047374	0.150000
0.047374	0.160000
0.047374	0.170000
0.047374	0.180000
0.047374	0.190000
0.047374	0.200000
0.047374	0.210000
0.047374	0.220000
0.047374	0.230000
0.047374	0.240000
0.047374	0.250000
0.047374	0.260000
0.047374	0.270000
0.047374	0.280000
0.047374	0.290000
0.047374	0.300000
0.047374	0.310000
0.047374	0.320000
0.054141	0.000000
0.054141	0.010000
0.054141	0.020000
0.054141	0.030000
0.054141	0.040000
0.054141	0.050000
0.054141	0.060000
0.054141	0.070000
0.054141	0.080000
0.054141	0.090000
0.054141	0.100000
0.054141	0.110000
0.054141	0.120000
0.054141	0.130000
0.054141	0.140000
0.054141	0.150000
0.054141	0.160000
0.054141	0.170000
0.054141	0.180000
0.054141	0.190000
0.054141	0.200000
0.054141	0.210000
0.054141	0.220000
0.054141	0.230000
0.054141	0.240000
0.054141	0.250000
0.054141	0.260000
0.054141	0.270000
0.054141	0.280000
0.054141	0.290000
0.054141	0.300000
0.054141	0.310000
0.054141	0.320000
0.060909	0.000000
0.060909	0.010000
0.060909	0.020000
0.060909	0.030000
0.060909	0.040000
0.060909	0.050000
0.060909	0.060000
0.060909	0.070000
0.060909	0.080000
0.060909	0.090000
0.060909	0.100000
0.060909	0.110000
0.060909	0.120000
0.060909	0.130000
0.060909	0.140000
0.060909	0.150000
0.060909	0.160000
0.060909	0.170000
0.060909	0.180000
0.060909	0.190000
0.060909	0.200000
0.060909	0.210000
0.060909	0.220000
0.060909	0.230000
0.060909	0.240000
0.060909	0.250000
0.060909	0.260000
0.060909	0.270000
0.060909	0.280000
0.060909	0.290000
0.060909	0.300000
0.060909	0.310000
0.060909	0.320000
0.067677	0.000000
0.067677	0.010000
0.067677	0.020000
0.067677	0.030000
0.067677	0.040000
0.067677	0.050000
0.067677	0.060000
0.067677	0.070000
0.067677	0.080000
0.067677	0.090000
0.067677	0.100000
0.067677	0.110000
0.067677	0.120000
0.067677	0.130000
0.067677	0.140000
0.067677	0.150000
0.067677	0.160000
0.067677	0.170000
0.067677	0.180000
0.067677	0.190000
0.067677	0.200000
0.067677	0.210000
0.067677	0.220000
0.067677	0.230000
0.067677	0.240000
0.067677	0.250000
0.067677	0.260000
0.067677	0.270000
0.067677	0.280000
0.067677	0.290000
0.067677	0.300000
0.067677	0.310000
0.067677	0.320000
0.074444	0.000000
0.074444	0.010000
0.074444	0.020000
0.074444	0.030000
0.074444	0.040000
0.074444	0.050000
0.074444	0.060000
0.074444	0.070000
0.074444	0.080000
0.074444	0.090000
0.074444	0.100000
0.074444	0.110000
0.074444	0.120000
0.074444	0.130000
0.074444	0.140000
0.074444	0.150000
0.074444	0.160000
0.074444	0.170000
0.074444	0.180000
0.074444	0.190000
0.074444	0.200000
0.074444	0.210000
0.074444	0.220000
0.074444	0.230000
0.074444	0.240000
0.074444	0.250000
0.074444	0.260000
0.074444	0.270000
0.074444	0.280000
0.074444	0.290000
0.074444	0.300000
0.074444	0.310000
0.074444	0.320000
0.081212	0.000000
0.081212	0.010000
0.081212	0.020000
0.081212	0.030000
0.081212	0.040000
0.081212	0.050000
0.081212	0.060000
0.081212	0.070000
0.081212	0.080000
0.081212	0.090000
0.081212	0.100000
0.081212	0.110000
0.081212	0.120000
0.081212	0.130000
0.081212	0.140000
0.081212	0.150000
0.081212	0.160000
0.081212	0.170000
0.081212	0.180000
0.081212	0.190000
0.081212	0.200000
0.081212	0.210000
0.081212	0.220000
0.081212	0.230000
0.081212	0.240000
0.081212	0.250000
0.081212	0.260000
0.081212	0.270000
0.081212	0.280000
0.081212	0.290000
0.081212	0.300000
0.081212	0.310000
0.081212	0.320000
0.087980	0.000000
0.087980	0.010000
0.087980	0.020000
0.087980	0.030000
0.087980	0.040000
0.087980	0.050000
0.087980	0.060000
0.087980	0.070000
0.087980	0.080000
0.087980	0.090000
0.087980	0.100000
0.087980	0.110000
0.087980	0.120000
0.087980	0.130000
0.087980	0.140000
0.087980	0.150000
0.087980	0.160000
0.087980	0.170000
0.087980	0.180000
0.087980	0.190000
0.087980	0.200000
0.087980	0.210000
0.087980	0.220000
0.087980	0.230000
0.087980	0.240000
0.087980	0.250000
0.087980	0.260000
0.087980	0.270000
0.087980	0.280000
0.087980	0.290000
0.087980	0.300000
0.087980	0.310000
0.087980	0.320000
0.094747	0.000000
0.094747	0.010000
0.094747	0.020000
0.094747	0.030000
0.094747	0.040000
0.094747	0.050000
0.094747	0.060000
0.094747	0.070000
0.094747	0.080000
0.094747	0.090000
0.094747	0.100000
0.094747	0.110000
0.094747	0.120000
0.094747	0.130000
0.094747	0.140000
0.094747	0.150000
0.094747	0.160000
0.094747	0.170000
0.094747	0.180000
0.094747	0.190000
0.094747	0.200000
0.094747	0.210000
0.094747	0.220000
0.094747	0.230000
0.094747	0.240000
0.094747	0.250000
0.094747	0.260000
0.094747	0.270000
0.094747	0.280000
0.094747	0.290000
0.094747	0.300000
0.094747	0.310000
0.094747	0.320000
0.101515	0.000000
0.101515	0.010000
0.101515	0.020000
0.101515	0.030000
0.101515	0.040000
0.101515	0.050000
0.101515	0.060000
0.101515	0.070000
0.101515	0.080000
0.101515	0.090000
0.101515	0.100000
0.101515	0.110000
0.101515	0.120000
0.101515	0.130000
0.101515	0.140000
0.101515	0.150000
0.101515	0.160000
0.101515	0.170000
0.101515	0.180000
0.101515	0.190000
0.101515	0.200000
0.101515	0.210000
0.101515	0.220000
0.101515	0.230000
0.101515	0.240000
0.101515	0.250000
0.101515	0.260000
0.101515	0.270000
0.101515	0.280000
0.101515	0.290000
0.101515	0.300000
0.101515	0.310000
0.101515	0.320000
0.108283	0.000000
0.108283	0.010000
0.108283	0.020000
0.108283	0.030000
0.108283	0.040000
0.108283	0.050000
0.108283	0.060000
0.108283	0.070000
0.108283	0.080000
0.108283	0.090000
0.108283	0.100000
0.108283	0.110000
0.108283	0.120000
0.108283	0.130000
0.108283	0.140000
0.108283	0.150000
0.108283	0.160000
0.108283	0.170000
0.108283	0.180000
0.108283	0.190000
0.108283	0.200000
0.108283	0.210000
0.108283	0.220000
0.108283	0.230000
0.108283	0.240000
0.108283	0.250000
0.108283	0.260000
0.108283	0.270000
0.108283	0.280000
0.108283	0.290000
0.108283	0.300000
0.108283	0.310000
0.108283	0.320000
0.115051	0.000000
0.115051	0.010000
0.115051	0.020000
0.115051	0.030000
0.115051	0.040000
0.115051	0.050000
0.115051	0.060000
0.115051	0.070000
0.115051	0.080000
0.115051	0.090000
0.115051	0.100000
0.115051	0.110000
0.115051	0.120000
0.115051	0.130000
0.115051	0.140000
0.115051	0.150000
0.115051	0.160000
0.115051	0.170000
0.115051	0.180000
0.115051	0.190000
0.115051	0.200000
0.115051	0.210000
0.115051	0.220000
0.115051	0.230000
0.115051	0.240000
0.115051	0.250000
0.115051	0.260000
0.115051	0.270000
0.115051	0.280000
0.115051	0.290000
0.115051	0.300000
0.115051	0.310000
0.115051	0.320000
0.121818	0.000000
0.121818	0.010000
0.121818	0.020000
0.121818	0.030000
0.121818	0.040000
0.121818	0.050000
0.121818	0.060000
0.121818	0.070000
0.121818	0.080000
0.121818	0.090000
0.121818	0.100000
0.121818	0.110000
0.121818	0.120000
0.121818	0.130000
0.121818	0.140000
0.121818	0.150000
0.121818	0.160000
0.121818	0.170000
0.121818	0.180000
0.121818	0.190000
0.121818	0.200000
0.121818	0.210000
0.121818	0.220000
0.121818	0.230000
0.121818	0.240000
0.121818	0.250000
0.121818	0.260000
0.121818	0.270000
0.121818	0.280000
0.121818	0.290000
0.121818	0.300000
0.121818	0.310000
0.121818	0.320000
0.128586	0.000000
0.128586	0.010000
0.128586	0.020000
0.128586	0.030000
0.128586	0.040000
0.128586	0.050000
0.128586	0.060000
0.128586	0.070000
0.128586	0.080000
0.128586	0.090000
0.128586	0.100000
0.128586	0.110000
0.128586	0.120000
0.128586	0.130000
0.128586	0.140000
0.128586	0.150000
0.128586	0.160000
0.128586	0.170000
0.128586	0.180000
0.128586	0.190000
0.128586	0.200000
0.128586	0.210000
0.128586	0.220000
0.128586	0.230000
0.128586	0.240000
0.128586	0.250000
0.128586	0.260000
0.128586	0.270000
0.128586	0.280000
0.128586	0.290000
0.128586	0.300000
0.128586	0.310000
0.128586	0.320000
0.135354	0.000000
0.135354	0.010000
0.135354	0.020000
0.135354	0.030000
0.135354	0.040000
0.135354	0.050000
0.135354	0.060000
0.135354	0.070000
0.135354	0.080000
0.135354	0.090000
0.135354	0.100000
0.135354	0.110000
0.135354	0.120000
0.135354	0.130000
0.135354	0.140000
0.135354	0.150000
0.135354	0.160000
0.135354	0.170000
0.135354	0.180000
0.135354	0.190000
0.135354	0.200000
0.135354	0.210000
0.135354	0.220000
0.135354	0.230000
0.135354	0.240000
0.135354	0.250000
0.135354	0.260000
0.135354	0.270000
0.135354	0.280000
0.135354	0.290000
0.135354	0.300000
0.135354	0.310000
0.135354	0.320000
0.142121	0.000000
0.142121	0.010000
0.142121	0.020000
0.142121	0.030000
0.142121	0.040000
0.142121	0.050000
0.142121	0.060000
0.142121	0.070000
0.142121	0.080000
0.142121	0.090000
0.142121	0.100000
0.142121	0.110000
0.142121	0.120000
0.142121	0.130000
0.142121	0.140000
0.142121	0.150000
0.142121	0.160000
0.142121	0.170000
0.142121	0.180000
0.142121	0.190000
0.142121	0.200000
0.142121	0.210000
0.142121	0.220000
0.142121	0.230000
0.142121	0.240000
0.142121	0.250000
0.142121	0.260000
0.142121	0.270000
0.142121	0.280000
0.142121	0.290000
0.142121	0.300000
0.142121	0.310000
0.142121	0.320000
0.148889	0.000000
0.148889	0.010000
0.148889	0.020000
0.148889	0.030000
0.148889	0.040000
0.148889	0.050000
0.148889	0.060000
0.148889	0.070000
0.148889	0.080000
0.148889	0.090000
0.148889	0.100000
0.148889	0.110000
0.148889	0.120000
0.148889	0.130000
0.148889	0.140000
0.148889	0.150000
0.148889	0.160000
0.148889	0.170000
0.148889	0.180000
0.148889	0.190000
0.148889	0.200000
0.148889	0.210000
0.148889	0.220000
0.148889	0.230000
0.148889	0.240000
0.148889	0.250000
0.148889	0.260000
0.148889	0.270000
0.148889	0.280000
0.148889	0.290000
0.148889	0.300000
0.148889	0.310000
0.148889	0.320000
0.155657	0.000000
0.155657	0.010000
0.155657	0.020000
0.155657	0.030000
0.155657	0.040000
0.155657	0.050000
0.155657	0.060000
0.155657	0.070000
0.155657	0.080000
0.155657	0.090000
0.155657	0.100000
0.155657	0.110000
0.155657	0.120000
0.155657	0.130000
0.155657	0.140000
0.155657	0.150000
0.155657	0.160000
0.155657	0.170000
0.155657	0.180000
0.155657	0.190000
0.155657	0.200000
0.155657	0.210000
0.155657	0.220000
0.155657	0.230000
0.155657	0.240000
0.155657	0.250000
0.155657	0.260000
0.155657	0.270000
0.155657	0.280000
0.155657	0.290000
0.155657	0.300000
0.155657	0.310000
0.155657	0.320000
0.162424	0.000000
0.162424	0.010000
0.162424	0.020000
0.162424	0.030000
0.162424	0.040000
0.162424	0.050000
0.162424	0.060000
0.162424	0.070000
0.162424	0.080000
0.162424	0.090000
0.162424	0.100000
0.162424	0.110000
0.162424	0.120000
0.162424	0.130000
0.162424	0.140000
0.162424	0.150000
0.162424	0.160000
0.162424	0.170000
0.162424	0.180000
0.162424	0.190000
0.162424	0.200000
0.162424	0.210000
0.162424	0.220000
0.162424	0.230000
0.162424	0.240000
0.162424	0.250000
0.162424	0.260000
0.162424	0.270000
0.162424	0.280000
0.162424	0.290000
0.162424	0.300000
0.162424	0.310000
0.162424	0.320000
0.169192	0.000000
0.169192	0.010000
0.169192	0.020000
0.169192	0.030000
0.169192	0.040000
0.169192	0.050000
0.169192	0.060000
0.169192	0.070000
0.169192	0.080000
0.169192	0.090000
0.169192	0.100000
0.169192	0.110000
0.169192	0.120000
0.169192	0.130000
0.169192	0.140000
0.169192	0.150000
0.169192	0.160000
0.169192	0.170000
0.169192	0.180000
0.169192	0.190000
0.169192	0.200000
0.169192	0.210000
0.169192	0.220000
0.169192	0.230000
0.169192	0.240000
0.169192	0.250000
0.169192	0.260000
0.169192	0.270000
0.169192	0.280000
0.169192	0.290000
0.169192	0.300000
0.169192	0.310000
0.169192	0.320000
0.175960	0.000000
0.175960	0.010000
0.175960	0.020000
0.175960	0.030000
0.175960	0.040000
0.175960	0.050000
0.175960	0.060000
0.175960	0.070000
0.175960	0.080000
0.175960	0.090000
0.175960	0.100000
0.175960	0.110000
0.175960	0.120000
0.175960	0.130000
0.175960	0.140000
0.175960	0.150000
0.175960	0.160000
0.175960	0.170000
0.175960	0.180000
0.175960	0.190000
0.175960	0.200000
0.175960	0.210000
0.175960	0.220000
0.175960	0.230000
0.175960	0.240000
0.175960	0.250000
0.175960	0.260000
0.175960	0.270000
0.175960	0.280000
0.175960	0.290000
0.175960	0.300000
0.175960	0.310000
0.175960	0.320000
0.182727	0.000000
0.182727	0.010000
0.182727	0.020000
0.182727	0.030000
0.182727	0.040000
0.182727	0.050000
0.182727	0.060000
0.182727	0.070000
0.182727	0.080000
0.182727	0.090000
0.182727	0.100000
0.182727	0.110000
0.182727	0.120000
0.182727	0.130000
0.182727	0.140000
0.182727	0.150000
0.182727	0.160000
0.182727	0.170000
0.182727	0.180000
0.182727	0.190000
0.182727	0.200000
0.182727	0.210000
0.182727	0.220000
0.182727	0.230000
0.182727	0.240000
0.182727	0.250000
0.182727	0.260000
0.182727	0.270000
0.182727	0.280000
0.182727	0.290000
0.182727	0.300000
0.182727	0.310000
0.182727	0.320000
0.189495	0.000000
0.189495	0.010000
0.189495	0.020000
0.189495	0.030000
0.189495	0.040000
0.189495	0.050000
0.189495	0.060000
0.189495	0.070000
0.189495	0.080000
0.189495	0.090000
0.189495	0.100000
0.189495	0.110000
0.189495	0.120000
0.189495	0.130000
0.189495	0.140000
0.189495	0.150000
0.189495	0.160000
0.189495	0.170000
0.189495	0.180000
0.189495	0.190000
0.189495	0.200000
0.189495	0.210000
0.189495	0.220000
0.189495	0.230000
0.189495	0.240000
0.189495	0.250000
0.189495	0.260000
0.189495	0.270000
0.189495	0.280000
0.189495	0.290000
0.189495	0.300000
0.189495	0.310000
0.189495	0.320000
0.196263	0.000000
0.196263	0.010000
0.196263	0.020000
0.196263	0.030000
0.196263	0.040000
0.196263	0.050000
0.196263	0.060000
0.196263	0.070000
0.196263	0.080000
0.196263	0.090000
0.196263	0.100000
0.196263	0.110000
0.196263	0.120000
0.196263	0.130000
0.196263	0.140000
0.196263	0.150000
0.196263	0.160000
0.196263	0.170000
0.196263	0.180000
0.196263	0.190000
0.196263	0.200000
0.196263	0.210000
0.196263	0.220000
0.196263	0.230000
0.196263	0.240000
0.196263	0.250000
0.196263	0.260000
0.196263	0.270000
0.196263	0.280000
0.196263	0.290000
0.196263	0.300000
0.196263	0.310000
0.196263	0.320000
0.203030	0.000000
0.203030	0.010000
0.203030	0.020000
0.203030	0.030000
0.203030	0.040000
0.203030	0.050000
0.203030	0.060000
0.203030	0.070000
0.203030	0.080000
0.203030	0.090000
0.203030	0.100000
0.203030	0.110000
0.203030	0.120000
0.203030	0.130000
0.203030	0.140000
0.203030	0.150000
0.203030	0.160000
0.203030	0.170000
0.203030	0.180000
0.203030	0.190000
0.203030	0.200000
0.203030	0.210000
0.203030	0.220000
0.203030	0.230000
0.203030	0.240000
0.203030	0.250000
0.203030	0.260000
0.203030	0.270000
0.203030	0.280000
0.203030	0.290000
0.203030	0.300000
0.203030	0.310000
0.203030	0.320000
0.209798	0.000000
0.209798	0.010000
0.209798	0.020000
0.209798	0.030000
0.209798	0.040000
0.209798	0.050000
0.209798	0.060000
0.209798	0.070000
0.209798	0.080000
0.209798	0.090000
0.209798	0.100000
0.209798	0.110000
0.209798	0.120000
0.209798	0.130000
0.209798	0.140000
0.209798	0.150000
0.209798	0.160000
0.209798	0.170000
0.209798	0.180000
0.209798	0.190000
0.209798	0.200000
0.209798	0.210000
0.209798	0.220000
0.209798	0.230000
0.209798	0.240000
0.209798	0.250000
0.209798	0.260000
0.209798	0.270000
0.209798	0.280000
0.209798	0.290000
0.209798	0.300000
0.209798	0.310000
0.209798	0.320000
0.216566	0.000000
0.216566	0.010000
0.216566	0.020000
0.216566	0.030000
0.216566	0.040000
0.216566	0.050000
0.216566	0.060000
0.216566	0.070000
0.216566	0.080000
0.216566	0.090000
0.216566	0.100000
0.216566	0.110000
0.216566	0.120000
0.216566	0.130000
0.216566	0.140000
0.216566	0.150000
0.216566	0.160000
0.216566	0.170000
0.216566	0.180000
0.216566	0.190000
0.216566	0.200000
0.216566	0.210000
0.216566	0.220000
0.216566	0.230000
0.216566	0.240000
0.216566	0.250000
0.216566	0.260000
0.216566	0.270000
0.216566	0.280000
0.216566	0.290000
0.216566	0.300000
0.216566	0.310000
0.223333	0.000000
0.223333	0.010000
0.223333	0.020000
0.223333	0.030000
0.223333	0.040000
0.223333	0.050000
0.223333	0.060000
0.223333	0.070000
0.223333	0.080000
0.223333	0.090000
0.223333	0.100000
0.223333	0.110000
0.223333	0.120000
0.223333	0.130000
0.223333	0.140000
0.223333	0.150000
0.223333	0.160000
0.223333	0.170000
0.223333	0.180000
0.223333	0.190000
0.223333	0.200000
0.223333	0.210000
0.223333	0.220000
0.223333	0.230000
0.223333	0.240000
0.223333	0.250000
0.223333	0.260000
0.223333	0.270000
0.223333	0.280000
0.223333	0.290000
0.223333	0.300000
0.230101	0.000000
0.230101	0.010000
0.230101	0.020000
0.230101	0.030000
0.230101	0.040000
0.230101	0.050000
0.230101	0.060000
0.230101	0.070000
0.230101	0.080000
0.230101	0.090000
0.230101	0.100000
0.230101	0.110000
0.230101	0.120000
0.230101	0.130000
0.230101	0.140000
0.230101	0.150000
0.230101	0.160000
0.230101	0.170000
0.230101	0.180000
0.230101	0.190000
0.230101	0.200000
0.230101	0.210000
0.230101	0.220000
0.230101	0.230000
0.230101	0.240000
0.230101	0.250000
0.230101	0.260000
0.230101	0.270000
0.230101	0.280000
0.230101	0.290000
0.230101	0.300000
0.236869	0.000000
0.236869	0.010000
0.236869	0.020000
0.236869	0.030000
0.236869	0.040000
0.236869	0.050000
0.236869	0.060000
0.236869	0.070000
0.236869	0.080000
0.236869	0.090000
0.236869	0.100000
0.236869	0.110000
0.236869	0.120000
0.236869	0.130000
0.236869	0.140000
0.236869	0.150000
0.236869	0.160000
0.236869	0.170000
0.236869	0.180000
0.236869	0.190000
0.236869	0.200000
0.236869	0.210000
0.236869	0.220000
0.236869	0.230000
0.236869	0.240000
0.236869	0.250000
0.236869	0.260000
0.236869	0.270000
0.236869	0.280000
0.236869	0.290000
0.243636	0.000000
0.243636	0.010000
0.243636	0.020000
0.243636	0.030000
0.243636	0.040000
0.243636	0.050000
0.243636	0.060000
0.243636	0.070000
0.243636	0.080000
0.243636	0.090000
0.243636	0.100000
0.243636	0.110000
0.243636	0.120000
0.243636	0.130000
0.243636	0.140000
0.243636	0.150000
0.243636	0.160000
0.243636	0.170000
0.243636	0.180000
0.243636	0.190000
0.243636	0.200000
0.243636	0.210000
0.243636	0.220000
0.243636	0.230000
0.243636	0.240000
0.243636	0.250000
0.243636	0.260000
0.243636	0.270000
0.243636	0.280000
0.243636	0.290000
0.250404	0.000000
0.250404	0.010000
0.250404	0.020000
0.250404	0.030000
0.250404	0.040000
0.250404	0.050000
0.250404	0.060000
0.250404	0.070000
0.250404	0.080000
0.250404	0.090000
0.250404	0.100000
0.250404	0.110000
0.250404	0.120000
0.250404	0.130000
0.250404	0.140000
0.250404	0.150000
0.250404	0.160000
0.250404	0.170000
0.250404	0.180000
0.250404	0.190000
0.250404	0.200000
0.250404	0.210000
0.250404	0.220000
0.250404	0.230000
0.250404	0.240000
0.250404	0.250000
0.250404	0.260000
0.250404	0.270000
0.250404	0.280000
0.250404	0.290000
0.257172	0.000000
0.257172	0.010000
0.257172	0.020000
0.257172	0.030000
0.257172	0.040000
0.257172	0.050000
0.257172	0.060000
0.257172	0.070000
0.257172	0.080000
0.257172	0.090000
0.257172	0.100000
0.257172	0.110000
0.257172	0.120000
0.257172	0.130000
0.257172	0.140000
0.257172	0.150000
0.257172	0.160000
0.257172	0.170000
0.257172	0.180000
0.257172	0.190000
0.257172	0.200000
0.257172	0.210000
0.257172	0.220000
0.257172	0.230000
0.257172	0.240000
0.257172	0.250000
0.257172	0.260000
0.257172	0.270000
0.257172	0.280000
0.263939	0.000000
0.263939	0.010000
0.263939	0.020000
0.263939	0.030000
0.263939	0.040000
0.263939	0.050000
0.263939	0.060000
0.263939	0.070000
0.263939	0.080000
0.263939	0.090000
0.263939	0.100000
0.263939	0.110000
0.263939	0.120000
0.263939	0.130000
0.263939	0.140000
0.263939	0.150000
0.263939	0.160000
0.263939	0.170000
0.263939	0.180000
0.263939	0.190000
0.263939	0.200000
0.263939	0.210000
0.263939	0.220000
0.263939	0.230000
0.263939	0.240000
0.263939	0.250000
0.263939	0.260000
0.263939	0.270000
0.263939	0.280000
0.270707	0.000000
0.270707	0.010000
0.270707	0.020000
0.270707	0.030000
0.270707	0.040000
0.270707	0.050000
0.270707	0.060000
0.270707	0.070000
0.270707	0.080000
0.270707	0.090000
0.270707	0.100000
0.270707	0.110000
0.270707	0.120000
0.270707	0.130000
0.270707	0.140000
0.270707	0.150000
0.270707	0.160000
0.270707	0.170000
0.270707	0.180000
0.270707	0.190000
0.270707	0.200000
0.270707	0.210000
0.270707	0.220000
0.270707	0.230000
0.270707	0.240000
0.270707	0.250000
0.270707	0.260000
0.270707	0.270000
0.270707	0.280000
0.277475	0.000000
0.277475	0.010000
0.277475	0.020000
0.277475	0.030000
0.277475	0.040000
0.277475	0.050000
0.277475	0.060000
0.277475	0.070000
0.277475	0.080000
0.277475	0.090000
0.277475	0.100000
0.277475	0.110000
0.277475	0.120000
0.277475	0.130000
0.277475	0.140000
0.277475	0.150000
0.277475	0.160000
0.277475	0.170000
0.277475	0.180000
0.277475	0.190000
0.277475	0.200000
0.277475	0.210000
0.277475	0.220000
0.277475	0.230000
0.277475	0.240000
0.277475	0.250000
0.277475	0.260000
0.277475	0.270000
0.277475	0.280000
0.284242	0.000000
0.284242	0.010000
0.284242	0.020000
0.284242	0.030000
0.284242	0.040000
0.284242	0.050000
0.284242	0.060000
0.284242	0.070000
0.284242	0.080000
0.284242	0.090000
0.284242	0.100000
0.284242	0.110000
0.284242	0.120000
0.284242	0.130000
0.284242	0.140000
0.284242	0.150000
0.284242	0.160000
0.284242	0.170000
0.284242	0.180000
0.284242	0.190000
0.284242	0.200000
0.284242	0.210000
0.284242	0.220000
0.284242	0.230000
0.284242	0.240000
0.284242	0.250000
0.284242	0.260000
0.284242	0.270000
0.284242	0.280000
0.291010	0.000000
0.291010	0.010000
0.291010	0.020000
0.291010	0.030000
0.291010	0.040000
0.291010	0.050000
0.291010	0.060000
0.291010	0.070000
0.291010	0.080000
0.291010	0.090000
0.291010	0.100000
0.291010	0.110000
0.291010	0.120000
0.291010	0.130000
0.291010	0.140000
0.291010	0.150000
0.291010	0.160000
0.291010	0.170000
0.291010	0.180000
0.291010	0.190000
0.291010	0.200000
0.291010	0.210000
0.291010	0.220000
0.291010	0.230000
0.291010	0.240000
0.291010	0.250000
0.291010	0.260000
0.291010	0.270000
0.291010	0.280000
0.297778	0.000000
0.297778	0.010000
0.297778	0.020000
0.297778	0.030000
0.297778	0.040000
0.297778	0.050000
0.297778	0.060000
0.297778	0.070000
0.297778	0.080000
0.297778	0.090000
0.297778	0.100000
0.297778	0.110000
0.297778	0.120000
0.297778	0.130000
0.297778	0.140000
0.297778	0.150000
0.297778	0.160000
0.297778	0.170000
0.297778	0.180000
0.297778	0.190000
0.297778	0.200000
0.297778	0.210000
0.297778	0.220000
0.297778	0.230000
0.297778	0.240000
0.297778	0.250000
0.297778	0.260000
0.297778	0.270000
0.297778	0.280000
0.304545	0.000000
0.304545	0.010000
0.304545	0.020000
0.304545	0.030000
0.304545	0.040000
0.304545	0.050000
0.304545	0.060000
0.304545	0.070000
0.304545	0.080000
0.304545	0.090000
0.304545	0.100000
0.304545	0.110000
0.304545	0.120000
0.304545	0.130000
0.304545	0.140000
0.304545	0.150000
0.304545	0.160000
0.304545	0.170000
0.304545	0.180000
0.304545	0.190000
0.304545	0.200000
0.304545	0.210000
0.304545	0.220000
0.304545	0.230000
0.304545	0.240000
0.304545	0.250000
0.304545	0.260000
0.304545	0.270000
0.311313	0.000000
0.311313	0.010000
0.311313	0.020000
0.311313	0.030000
0.311313	0.040000
0.311313	0.050000
0.311313	0.060000
0.311313	0.070000
0.311313	0.080000
0.311313	0.090000
0.311313	0.100000
0.311313	0.110000
0.311313	0.120000
0.311313	0.130000
0.311313	0.140000
0.311313	0.150000
0.311313	0.160000
0.311313	0.170000
0.311313	0.180000
0.311313	0.190000
0.311313	0.200000
0.311313	0.210000
0.311313	0.220000
0.311313	0.230000
0.311313	0.240000
0.311313	0.250000
0.311313	0.260000
0.311313	0.270000
0.318081	0.000000
0.318081	0.010000
0.318081	0.020000
0.318081	0.030000
0.318081	0.040000
0.318081	0.050000
0.318081	0.060000
0.318081	0.070000
0.318081	0.080000
0.318081	0.090000
0.318081	0.100000
0.318081	0.110000
0.318081	0.120000
0.318081	0.130000
0.318081	0.140000
0.318081	0.150000
0.318081	0.160000
0.318081	0.170000
0.318081	0.180000
0.318081	0.190000
0.318081	0.200000
0.318081	0.210000
0.318081	0.220000
0.318081	0.230000
0.318081	0.240000
0.318081	0.250000
0.318081	0.260000
0.318081	0.270000
0.324848	0.000000
0.324848	0.010000
0.324848	0.020000
0.324848	0.030000
0.324848	0.040000
0.324848	0.050000
0.324848	0.060000
0.324848	0.070000
0.324848	0.080000
0.324848	0.090000
0.324848	0.100000
0.324848	0.110000
0.324848	0.120000
0.324848	0.130000
0.324848	0.140000
0.324848	0.150000
0.324848	0.160000
0.324848	0.170000
0.324848	0.180000
0.324848	0.190000
0.324848	0.200000
0.324848	0.210000
0.324848	0.220000
0.324848	0.230000
0.324848	0.240000
0.324848	0.250000
0.324848	0.260000
0.324848	0.270000
0.331616	0.000000
0.331616	0.010000
0.331616	0.020000
0.331616	0.030000
0.331616	0.040000
0.331616	0.050000
0.331616	0.060000
0.331616	0.070000
0.331616	0.080000
0.331616	0.090000
0.331616	0.100000
0.331616	0.110000
0.331616	0.120000
0.331616	0.130000
0.331616	0.140000
0.331616	0.150000
0.331616	0.160000
0.331616	0.170000
0.331616	0.180000
0.331616	0.190000
0.331616	0.200000
0.331616	0.210000
0.331616	0.220000
0.331616	0.230000
0.331616	0.240000
0.331616	0.250000
0.331616	0.260000
0.331616	0.270000
0.338384	0.000000
0.338384	0.010000
0.338384	0.020000
0.338384	0.030000
0.338384	0.040000
0.338384	0.050000
0.338384	0.060000
0.338384	0.070000
0.338384	0.080000
0.338384	0.090000
0.338384	0.100000
0.338384	0.110000
0.338384	0.120000
0.338384	0.130000
0.338384	0.140000
0.338384	0.150000
0.338384	0.160000
0.338384	0.170000
0.338384	0.180000
0.338384	0.190000
0.338384	0.200000
0.338384	0.210000
0.338384	0.220000
0.338384	0.230000
0.338384	0.240000
0.338384	0.250000
0.338384	0.260000
0.338384	0.270000
0.338384	0.280000
0.345152	0.000000
0.345152	0.010000
0.345152	0.020000
0.345152	0.030000
0.345152	0.040000
0.345152	0.050000
0.345152	0.060000
0.345152	0.070000
0.345152	0.080000
0.345152	0.090000
0.345152	0.100000
0.345152	0.110000
0.345152	0.120000
0.345152	0.130000
0.345152	0.140000
0.345152	0.150000
0.345152	0.160000
0.345152	0.170000
0.345152	0.180000
0.345152	0.190000
0.345152	0.200000
0.345152	0.210000
0.345152	0.220000
0.345152	0.230000
0.345152	0.240000
0.345152	0.250000
0.345152	0.260000
0.345152	0.270000
0.345152	0.280000
0.351919	0.000000
0.351919	0.010000
0.351919	0.020000
0.351919	0.030000
0.351919	0.040000
0.351919	0.050000
0.351919	0.060000
0.351919	0.070000
0.351919	0.080000
0.351919	0.090000
0.351919	0.100000
0.351919	0.110000
0.351919	0.120000
0.351919	0.130000
0.351919	0.140000
0.351919	0.150000
0.351919	0.160000
0.351919	0.170000
0.351919	0.180000
0.351919	0.190000
0.351919	0.200000
0.351919	0.210000
0.351919	0.220000
0.351919	0.230000
0.351919	0.240000
0.351919	0.250000
0.351919	0.260000
0.351919	0.270000
0.351919	0.280000
0.358687	0.000000
0.358687	0.010000
0.358687	0.020000
0.358687	0.030000
0.358687	0.040000
0.358687	0.050000
0.358687	0.060000
0.358687	0.070000
0.358687	0.080000
0.358687	0.090000
0.358687	0.100000
0.358687	0.110000
0.358687	0.120000
0.358687	0.130000
0.358687	0.140000
0.358687	0.150000
0.358687	0.160000
0.358687	0.170000
0.358687	0.180000
0.358687	0.190000
0.358687	0.200000
0.358687	0.210000
0.358687	0.220000
0.358687	0.230000
0.358687	0.240000
0.358687	0.250000
0.358687	0.260000
0.358687	0.270000
0.358687	0.280000
0.365455	0.000000
0.365455	0.010000
0.365455	0.020000
0.365455	0.030000
0.365455	0.040000
0.365455	0.050000
0.365455	0.060000
0.365455	0.070000
0.365455	0.080000
0.365455	0.090000
0.365455	0.100000
0.365455	0.110000
0.365455	0.120000
0.365455	0.130000
0.365455	0.140000
0.365455	0.150000
0.365455	0.160000
0.365455	0.170000
0.365455	0.180000
0.365455	0.190000
0.365455	0.200000
0.365455	0.210000
0.365455	0.220000
0.365455	0.230000
0.365455	0.240000
0.365455	0.250000
0.365455	0.260000
0.365455	0.270000
0.365455	0.280000
0.372222	0.000000
0.372222	0.010000
0.372222	0.020000
0.372222	0.030000
0.372222	0.040000
0.372222	0.050000
0.372222	0.060000
0.372222	0.070000
0.372222	0.080000
0.372222	0.090000
0.372222	0.100000
0.372222	0.110000
0.372222	0.120000
0.372222	0.130000
0.372222	0.140000
0.372222	0.150000
0.372222	0.160000
0.372222	0.170000
0.372222	0.180000
0.372222	0.190000
0.372222	0.200000
0.372222	0.210000
0.372222	0.220000
0.372222	0.230000
0.372222	0.240000
0.372222	0.250000
0.372222	0.260000
0.372222	0.270000
0.372222	0.280000
0.378990	0.000000
0.378990	0.010000
0.378990	0.020000
0.378990	0.030000
0.378990	0.040000
0.378990	0.050000
0.378990	0.060000
0.378990	0.070000
0.378990	0.080000
0.378990	0.090000
0.378990	0.100000
0.378990	0.110000
0.378990	0.120000
0.378990	0.130000
0.378990	0.140000
0.378990	0.150000
0.378990	0.160000
0.378990	0.170000
0.378990	0.180000
0.378990	0.190000
0.378990	0.200000
0.378990	0.210000
0.378990	0.220000
0.378990	0.230000
0.378990	0.240000
0.378990	0.250000
0.378990	0.260000
0.378990	0.270000
0.378990	0.280000
0.385758	0.000000
0.385758	0.010000
0.385758	0.020000
0.385758	0.030000
0.385758	0.040000
0.385758	0.050000
0.385758	0.060000
0.385758	0.070000
0.385758	0.080000
0.385758	0.090000
0.385758	0.100000
0.385758	0.110000
0.385758	0.120000
0.385758	0.130000
0.385758	0.140000
0.385758	0.150000
0.385758	0.160000
0.385758	0.170000
0.385758	0.180000
0.385758	0.190000
0.385758	0.200000
0.385758	0.210000
0.385758	0.220000
0.385758	0.230000
0.385758	0.240000
0.385758	0.250000
0.385758	0.260000
0.385758	0.270000
0.385758	0.280000
0.392525	0.000000
0.392525	0.010000
0.392525	0.020000
0.392525	0.030000
0.392525	0.040000
0.392525	0.050000
0.392525	0.060000
0.392525	0.070000
0.392525	0.080000
0.392525	0.090000
0.392525	0.100000
0.392525	0.110000
0.392525	0.120000
0.392525	0.130000
0.392525	0.140000
0.392525	0.150000
0.392525	0.160000
0.392525	0.170000
0.392525	0.180000
0.392525	0.190000
0.392525	0.200000
0.392525	0.210000
0.392525	0.220000
0.392525	0.230000
0.392525	0.240000
0.392525	0.250000
0.392525	0.260000
0.392525	0.270000
0.392525	0.280000
0.399293	0.000000
0.399293	0.010000
0.399293	0.020000
0.399293	0.030000
0.399293	0.040000
0.399293	0.050000
0.399293	0.060000
0.399293	0.070000
0.399293	0.080000
0.399293	0.090000
0.399293	0.100000
0.399293	0.110000
0.399293	0.120000
0.399293	0.130000
0.399293	0.140000
0.399293	0.150000
0.399293	0.160000
0.399293	0.170000
0.399293	0.180000
0.399293	0.190000
0.399293	0.200000
0.399293	0.210000
0.399293	0.220000
0.399293	0.230000
0.399293	0.240000
0.399293	0.250000
0.399293	0.260000
0.399293	0.270000
0.399293	0.280000
0.406061	0.000000
0.406061	0.010000
0.406061	0.020000
0.406061	0.030000
0.406061	0.040000
0.406061	0.050000
0.406061	0.060000
0.406061	0.070000
0.406061	0.080000
0.406061	0.090000
0.406061	0.100000
0.406061	0.110000
0.406061	0.120000
0.406061	0.130000
0.406061	0.140000
0.406061	0.150000
0.406061	0.160000
0.406061	0.170000
0.406061	0.180000
0.406061	0.190000
0.406061	0.200000
0.406061	0.210000
0.406061	0.220000
0.406061	0.230000
0.406061	0.240000
0.406061	0.250000
0.406061	0.260000
0.406061	0.270000
0.406061	0.280000
0.412828	0.000000
0.412828	0.010000
0.412828	0.020000
0.412828	0.030000
0.412828	0.040000
0.412828	0.050000
0.412828	0.060000
0.412828	0.070000
0.412828	0.080000
0.412828	0.090000
0.412828	0.100000
0.412828	0.110000
0.412828	0.120000
0.412828	0.130000
0.412828	0.140000
0.412828	0.150000
0.412828	0.160000
0.412828	0.170000
0.412828	0.180000
0.412828	0.190000
0.412828	0.200000
0.412828	0.210000
0.412828	0.220000
0.412828	0.230000
0.412828	0.240000
0.412828	0.250000
0.412828	0.260000
0.412828	0.270000
0.412828	0.280000
0.419596	0.000000
0.419596	0.010000
0.419596	0.020000
0.419596	0.030000
0.419596	0.040000
0.419596	0.050000
0.419596	0.060000
0.419596	0.070000
0.419596	0.080000
0.419596	0.090000
0.419596	0.100000
0.419596	0.110000
0.419596	0.120000
0.419596	0.130000
0.419596	0.140000
0.419596	0.150000
0.419596	0.160000
0.419596	0.170000
0.419596	0.180000
0.419596	0.190000
0.419596	0.200000
0.419596	0.210000
0.419596	0.220000
0.419596	0.230000
0.419596	0.240000
0.419596	0.250000
0.419596	0.260000
0.419596	0.270000
0.419596	0.280000
0.419596	0.290000
0.426364	0.000000
0.426364	0.010000
0.426364	0.020000
0.426364	0.030000
0.426364	0.040000
0.426364	0.050000
0.426364	0.060000
0.426364	0.070000
0.426364	0.080000
0.426364	0.090000
0.426364	0.100000
0.426364	0.110000
0.426364	0.120000
0.426364	0.130000
0.426364	0.140000
0.426364	0.150000
0.426364	0.160000
0.426364	0.170000
0.426364	0.180000
0.426364	0.190000
0.426364	0.200000
0.426364	0.210000
0.426364	0.220000
0.426364	0.230000
0.426364	0.240000
0.426364	0.250000
0.426364	0.260000
0.426364	0.270000
0.426364	0.280000
0.426364	0.290000
0.433131	0.000000
0.433131	0.010000
0.433131	0.020000
0.433131	0.030000
0.433131	0.040000
0.433131	0.050000
0.433131	0.060000
0.433131	0.070000
0.433131	0.080000
0.433131	0.090000
0.433131	0.100000
0.433131	0.110000
0.433131	0.120000
0.433131	0.130000
0.433131	0.140000
0.433131	0.150000
0.433131	0.160000
0.433131	0.170000
0.433131	0.180000
0.433131	0.190000
0.433131	0.200000
0.433131	0.210000
0.433131	0.220000
0.433131	0.230000
0.433131	0.240000
0.433131	0.250000
0.433131	0.260000
0.433131	0.270000
0.433131	0.280000
0.433131	0.290000
0.439899	0.000000
0.439899	0.010000
0.439899	0.020000
0.439899	0.030000
0.439899	0.040000
0.439899	0.050000
0.439899	0.060000
0.439899	0.070000
0.439899	0.080000
0.439899	0.090000
0.439899	0.100000
0.439899	0.110000
0.439899	0.120000
0.439899	0.130000
0.439899	0.140000
0.439899	0.150000
0.439899	0.160000
0.439899	0.170000
0.439899	0.180000
0.439899	0.190000
0.439899	0.200000
0.439899	0.210000
0.439899	0.220000
0.439899	0.230000
0.439899	0.240000
0.439899	0.250000
0.439899	0.260000
0.439899	0.270000
0.439899	0.280000
0.439899	0.290000
0.446667	0.000000
0.446667	0.010000
0.446667	0.020000
0.446667	0.030000
0.446667	0.040000
0.446667	0.050000
0.446667	0.060000
0.446667	0.070000
0.446667	0.080000
0.446667	0.090000
0.446667	0.100000
0.446667	0.110000
0.446667	0.120000
0.446667	0.130000
0.446667	0.140000
0.446667	0.150000
0.446667	0.160000
0.446667	0.170000
0.446667	0.180000
0.446667	0.190000
0.446667	0.200000
0.446667	0.210000
0.446667	0.220000
0.446667	0.230000
0.446667	0.240000
0.446667	0.250000
0.446667	0.260000
0.446667	0.270000
0.446667	0.280000
0.446667	0.290000
0.453434	0.000000
0.453434	0.010000
0.453434	0.020000
0.453434	0.030000
0.453434	0.040000
0.453434	0.050000
0.453434	0.060000
0.453434	0.070000
0.453434	0.080000
0.453434	0.090000
0.453434	0.100000
0.453434	0.110000
0.453434	0.120000
0.453434	0.130000
0.453434	0.140000
0.453434	0.150000
0.453434	0.160000
0.453434	0.170000
0.453434	0.180000
0.453434	0.190000
0.453434	0.200000
0.453434	0.210000
0.453434	0.220000
0.453434	0.230000
0.453434	0.240000
0.453434	0.250000
0.453434	0.260000
0.453434	0.270000
0.453434	0.280000
0.453434	0.290000
0.460202	0.000000
0.460202	0.010000
0.460202	0.020000
0.460202	0.030000
0.460202	0.040000
0.460202	0.050000
0.460202	0.060000
0.460202	0.070000
0.460202	0.080000
0.460202	0.090000
0.460202	0.100000
0.460202	0.110000
0.460202	0.120000
0.460202	0.130000
0.460202	0.140000
0.460202	0.150000
0.460202	0.160000
0.460202	0.170000
0.460202	0.180000
0.460202	0.190000
0.460202	0.200000
0.460202	0.210000
0.460202	0.220000
0.460202	0.230000
0.460202	0.240000
0.460202	0.250000
0.460202	0.260000
0.460202	0.270000
0.460202	0.280000
0.460202	0.290000
0.466970	0.000000
0.466970	0.010000
0.466970	0.020000
0.466970	0.030000
0.466970	0.040000
0.466970	0.050000
0.466970	0.060000
0.466970	0.070000
0.466970	0.080000
0.466970	0.090000
0.466970	0.100000
0.466970	0.110000
0.466970	0.120000
0.466970	0.130000
0.466970	0.140000
0.466970	0.150000
0.466970	0.160000
0.466970	0.170000
0.466970	0.180000
0.466970	0.190000
0.466970	0.200000
0.466970	0.210000
0.466970	0.220000
0.466970	0.230000
0.466970	0.240000
0.466970	0.250000
0.466970	0.260000
0.466970	0.270000
0.466970	0.280000
0.466970	0.290000
0.473737	0.000000
0.473737	0.010000
0.473737	0.020000
0.473737	0.030000
0.473737	0.040000
0.473737	0.050000
0.473737	0.060000
0.473737	0.070000
0.473737	0.080000
0.473737	0.090000
0.473737	0.100000
0.473737	0.110000
0.473737	0.120000
0.473737	0.130000
0.473737	0.140000
0.473737	0.150000
0.473737	0.160000
0.473737	0.170000
0.473737	0.180000
0.473737	0.190000
0.473737	0.200000
0.473737	0.210000
0.473737	0.220000
0.473737	0.230000
0.473737	0.240000
0.473737	0.250000
0.473737	0.260000
0.473737	0.270000
0.473737	0.280000
0.473737	0.290000
0.480505	0.000000
0.480505	0.010000
0.480505	0.020000
0.480505	0.030000
0.480505	0.040000
0.480505	0.050000
0.480505	0.060000
0.480505	0.070000
0.480505	0.080000
0.480505	0.090000
0.480505	0.100000
0.480505	0.110000
0.480505	0.120000
0.480505	0.130000
0.480505	0.140000
0.480505	0.150000
0.480505	0.160000
0.480505	0.170000
0.480505	0.180000
0.480505	0.190000
0.480505	0.200000
0.480505	0.210000
0.480505	0.220000
0.480505	0.230000
0.480505	0.240000
0.480505	0.250000
0.480505	0.260000
0.480505	0.270000
0.480505	0.280000
0.480505	0.290000
0.487273	0.000000
0.487273	0.010000
0.487273	0.020000
0.487273	0.030000
0.487273	0.040000
0.487273	0.050000
0.487273	0.060000
0.487273	0.070000
0.487273	0.080000
0.487273	0.090000
0.487273	0.100000
0.487273	0.110000
0.487273	0.120000
0.487273	0.130000
0.487273	0.140000
0.487273	0.150000
0.487273	0.160000
0.487273	0.170000
0.487273	0.180000
0.487273	0.190000
0.487273	0.200000
0.487273	0.210000
0.487273	0.220000
0.487273	0.230000
0.487273	0.240000
0.487273	0.250000
0.487273	0.260000
0.487273	0.270000
0.487273	0.280000
0.487273	0.290000
0.494040	0.000000
0.494040	0.010000
0.494040	0.020000
0.494040	0.030000
0.494040	0.040000
0.494040	0.050000
0.494040	0.060000
0.494040	0.070000
0.494040	0.080000
0.494040	0.090000
0.494040	0.100000
0.494040	0.110000
0.494040	0.120000
0.494040	0.130000
0.494040	0.140000
0.494040	0.150000
0.494040	0.160000
0.494040	0.170000
0.494040	0.180000
0.494040	0.190000
0.494040	0.200000
0.494040	0.210000
0.494040	0.220000
0.494040	0.230000
0.494040	0.240000
0.494040	0.250000
0.494040	0.260000
0.494040	0.270000
0.494040	0.280000
0.494040	0.290000
0.500808	0.000000
0.500808	0.010000
0.500808	0.020000
0.500808	0.030000
0.500808	0.040000
0.500808	0.050000
0.500808	0.060000
0.500808	0.070000
0.500808	0.080000
0.500808	0.090000
0.500808	0.100000
0.500808	0.110000
0.500808	0.120000
0.500808	0.130000
0.500808	0.140000
0.500808	0.150000
0.500808	0.160000
0.500808	0.170000
0.500808	0.180000
0.500808	0.190000
0.500808	0.200000
0.500808	0.210000
0.500808	0.220000
0.500808	0.230000
0.500808	0.240000
0.500808	0.250000
0.500808	0.260000
0.500808	0.270000
0.500808	0.280000
0.500808	0.290000
0.507576	0.000000
0.507576	0.010000
0.507576	0.020000
0.507576	0.030000
0.507576	0.040000
0.507576	0.050000
0.507576	0.060000
0.507576	0.070000
0.507576	0.080000
0.507576	0.090000
0.507576	0.100000
0.507576	0.110000
0.507576	0.120000
0.507576	0.130000
0.507576	0.140000
0.507576	0.150000
0.507576	0.160000
0.507576	0.170000
0.507576	0.180000
0.507576	0.190000
0.507576	0.200000
0.507576	0.210000
0.507576	0.220000
0.507576	0.230000
0.507576	0.240000
0.507576	0.250000
0.507576	0.260000
0.507576	0.270000
0.507576	0.280000
0.507576	0.290000
0.514343	0.000000
0.514343	0.010000
0.514343	0.020000
0.514343	0.030000
0.514343	0.040000
0.514343	0.050000
0.514343	0.060000
0.514343	0.070000
0.514343	0.080000
0.514343	0.090000
0.514343	0.100000
0.514343	0.110000
0.514343	0.120000
0.514343	0.130000
0.514343	0.140000
0.514343	0.150000
0.514343	0.160000
0.514343	0.170000
0.514343	0.180000
0.514343	0.190000
0.514343	0.200000
0.514343	0.210000
0.514343	0.220000
0.514343	0.230000
0.514343	0.240000
0.514343	0.250000
0.514343	0.260000
0.514343	0.270000
0.514343	0.280000
0.514343	0.290000
0.514343	0.300000
0.521111	0.000000
0.521111	0.010000
0.521111	0.020000
0.521111	0.030000
0.521111	0.040000
0.521111	0.050000
0.521111	0.060000
0.521111	0.070000
0.521111	0.080000
0.521111	0.090000
0.521111	0.100000
0.521111	0.110000
0.521111	0.120000
0.521111	0.130000
0.521111	0.140000
0.521111	0.150000
0.521111	0.160000
0.521111	0.170000
0.521111	0.180000
0.521111	0.190000
0.521111	0.200000
0.521111	0.210000
0.521111	0.220000
0.521111	0.230000
0.521111	0.240000
0.521111	0.250000
0.521111	0.260000
0.521111	0.270000
0.521111	0.280000
0.521111	0.290000
0.521111	0.300000
0.527879	0.000000
0.527879	0.010000
0.527879	0.020000
0.527879	0.030000
0.527879	0.040000
0.527879	0.050000
0.527879	0.060000
0.527879	0.070000
0.527879	0.080000
0.527879	0.090000
0.527879	0.100000
0.527879	0.110000
0.527879	0.120000
0.527879	0.130000
0.527879	0.140000
0.527879	0.150000
0.527879	0.160000
0.527879	0.170000
0.527879	0.180000
0.527879	0.190000
0.527879	0.200000
0.527879	0.210000
0.527879	0.220000
0.527879	0.230000
0.527879	0.240000
0.527879	0.250000
0.527879	0.260000
0.527879	0.270000
0.527879	0.280000
0.527879	0.290000
0.527879	0.300000
0.534646	0.000000
0.534646	0.010000
0.534646	0.020000
0.534646	0.030000
0.534646	0.040000
0.534646	0.050000
0.534646	0.060000
0.534646	0.070000
0.534646	0.080000
0.534646	0.090000
0.534646	0.100000
0.534646	0.110000
0.534646	0.120000
0.534646	0.130000
0.534646	0.140000
0.534646	0.150000
0.534646	0.160000
0.534646	0.170000
0.534646	0.180000
0.534646	0.190000
0.534646	0.200000
0.534646	0.210000
0.534646	0.220000
0.534646	0.230000
0.534646	0.240000
0.534646	0.250000
0.534646	0.260000
0.534646	0.270000
0.534646	0.280000
0.534646	0.290000
0.534646	0.300000
0.541414	0.000000
0.541414	0.010000
0.541414	0.020000
0.541414	0.030000
0.541414	0.040000
0.541414	0.050000
0.541414	0.060000
0.541414	0.070000
0.541414	0.080000
0.541414	0.090000
0.541414	0.100000
0.541414	0.110000
0.541414	0.120000
0.541414	0.130000
0.541414	0.140000
0.541414	0.150000
0.541414	0.160000
0.541414	0.170000
0.541414	0.180000
0.541414	0.190000
0.541414	0.200000
0.541414	0.210000
0.541414	0.220000
0.541414	0.230000
0.541414	0.240000
0.541414	0.250000
0.541414	0.260000
0.541414	0.270000
0.541414	0.280000
0.541414	0.290000
0.541414	0.300000
0.548182	0.000000
0.548182	0.010000
0.548182	0.020000
0.548182	0.030000
0.548182	0.040000
0.548182	0.050000
0.548182	0.060000
0.548182	0.070000
0.548182	0.080000
0.548182	0.090000
0.548182	0.100000
0.548182	0.110000
0.548182	0.120000
0.548182	0.130000
0.548182	0.140000
0.548182	0.150000
0.548182	0.160000
0.548182	0.170000
0.548182	0.180000
0.548182	0.190000
0.548182	0.200000
0.548182	0.210000
0.548182	0.220000
0.548182	0.230000
0.548182	0.240000
0.548182	0.250000
0.548182	0.260000
0.548182	0.270000
0.548182	0.280000
0.548182	0.290000
0.548182	0.300000
0.554949	0.000000
0.554949	0.010000
0.554949	0.020000
0.554949	0.030000
0.554949	0.040000
0.554949	0.050000
0.554949	0.060000
0.554949	0.070000
0.554949	0.080000
0.554949	0.090000
0.554949	0.100000
0.554949	0.110000
0.554949	0.120000
0.554949	0.130000
0.554949	0.140000
0.554949	0.150000
0.554949	0.160000
0.554949	0.170000
0.554949	0.180000
0.554949	0.190000
0.554949	0.200000
0.554949	0.210000
0.554949	0.220000
0.554949	0.230000
0.554949	0.240000
0.554949	0.250000
0.554949	0.260000
0.554949	0.270000
0.554949	0.280000
0.554949	0.290000
0.554949	0.300000
0.561717	0.000000
0.561717	0.010000
0.561717	0.020000
0.561717	0.030000
0.561717	0.040000
0.561717	0.050000
0.561717	0.060000
0.561717	0.070000
0.561717	0.080000
0.561717	0.090000
0.561717	0.100000
0.561717	0.110000
0.561717	0.120000
0.561717	0.130000
0.561717	0.140000
0.561717	0.150000
0.561717	0.160000
0.561717	0.170000
0.561717	0.180000
0.561717	0.190000
0.561717	0.200000
0.561717	0.210000
0.561717	0.220000
0.561717	0.230000
0.561717	0.240000
0.561717	0.250000
0.561717	0.260000
0.561717	0.270000
0.561717	0.280000
0.561717	0.290000
0.561717	0.300000
0.568485	0.000000
0.568485	0.010000
0.568485	0.020000
0.568485	0.030000
0.568485	0.040000
0.568485	0.050000
0.568485	0.060000
0.568485	0.070000
0.568485	0.080000
0.568485	0.090000
0.568485	0.100000
0.568485	0.110000
0.568485	0.120000
0.568485	0.130000
0.568485	0.140000
0.568485	0.150000
0.568485	0.160000
0.568485	0.170000
0.568485	0.180000
0.568485	0.190000
0.568485	0.200000
0.568485	0.210000
0.568485	0.220000
0.568485	0.230000
0.568485	0.240000
0.568485	0.250000
0.568485	0.260000
0.568485	0.270000
0.568485	0.280000
0.568485	0.290000
0.568485	0.300000
0.575253	0.000000
0.575253	0.010000
0.575253	0.020000
0.575253	0.030000
0.575253	0.040000
0.575253	0.050000
0.575253	0.060000
0.575253	0.070000
0.575253	0.080000
0.575253	0.090000
0.575253	0.100000
0.575253	0.110000
0.575253	0.120000
0.575253	0.130000
0.575253	0.140000
0.575253	0.150000
0.575253	0.160000
0.575253	0.170000
0.575253	0.180000
0.575253	0.190000
0.575253	0.200000
0.575253	0.210000
0.575253	0.220000
0.575253	0.230000
0.575253	0.240000
0.575253	0.250000
0.575253	0.260000
0.575253	0.270000
0.575253	0.280000
0.575253	0.290000
0.575253	0.300000
0.582020	0.000000
0.582020	0.010000
0.582020	0.020000
0.582020	0.030000
0.582020	0.040000
0.582020	0.050000
0.582020	0.060000
0.582020	0.070000
0.582020	0.080000
0.582020	0.090000
0.582020	0.100000
0.582020	0.110000
0.582020	0.120000
0.582020	0.130000
0.582020	0.140000
0.582020	0.150000
0.582020	0.160000
0.582020	0.170000
0.582020	0.180000
0.582020	0.190000
0.582020	0.200000
0.582020	0.210000
0.582020	0.220000
0.582020	0.230000
0.582020	0.240000
0.582020	0.250000
0.582020	0.260000
0.582020	0.270000
0.582020	0.280000
0.582020	0.290000
0.582020	0.300000
0.588788	0.000000
0.588788	0.010000
0.588788	0.020000
0.588788	0.030000
0.588788	0.040000
0.588788	0.050000
0.588788	0.060000
0.588788	0.070000
0.588788	0.080000
0.588788	0.090000
0.588788	0.100000
0.588788	0.110000
0.588788	0.120000
0.588788	0.130000
0.588788	0.140000
0.588788	0.150000
0.588788	0.160000
0.588788	0.170000
0.588788	0.180000
0.588788	0.190000
0.588788	0.200000
0.588788	0.210000
0.588788	0.220000
0.588788	0.230000
0.588788	0.240000
0.588788	0.250000
0.588788	0.260000
0.588788	0.270000
0.588788	0.280000
0.588788	0.290000
0.588788	0.300000
0.595556	0.000000
0.595556	0.010000
0.595556	0.020000
0.595556	0.030000
0.595556	0.040000
0.595556	0.050000
0.595556	0.060000
0.595556	0.070000
0.595556	0.080000
0.595556	0.090000
0.595556	0.100000
0.595556	0.110000
0.595556	0.120000
0.595556	0.130000
0.595556	0.140000
0.595556	0.150000
0.595556	0.160000
0.595556	0.170000
0.595556	0.180000
0.595556	0.190000
0.595556	0.200000
0.595556	0.210000
0.595556	0.220000
0.595556	0.230000
0.595556	0.240000
0.595556	0.250000
0.595556	0.260000
0.595556	0.270000
0.595556	0.280000
0.595556	0.290000
0.595556	0.300000
0.602323	0.000000
0.602323	0.010000
0.602323	0.020000
0.602323	0.030000
0.602323	0.040000
0.602323	0.050000
0.602323	0.060000
0.602323	0.070000
0.602323	0.080000
0.602323	0.090000
0.602323	0.100000
0.602323	0.110000
0.602323	0.120000
0.602323	0.130000
0.602323	0.140000
0.602323	0.150000
0.602323	0.160000
0.602323	0.170000
0.602323	0.180000
0.602323	0.190000
0.602323	0.200000
0.602323	0.210000
0.602323	0.220000
0.602323	0.230000
0.602323	0.240000
0.602323	0.250000
0.602323	0.260000
0.602323	0.270000
0.602323	0.280000
0.602323	0.290000
0.602323	0.300000
0.609091	0.000000
0.609091	0.010000
0.609091	0.020000
0.609091	0.030000
0.609091	0.040000
0.609091	0.050000
0.609091	0.060000
0.609091	0.070000
0.609091	0.080000
0.609091	0.090000
0.609091	0.100000
0.609091	0.110000
0.609091	0.120000
0.609091	0.130000
0.609091	0.140000
0.609091	0.150000
0.609091	0.160000
0.609091	0.170000
0.609091	0.180000
0.609091	0.190000
0.609091	0.200000
0.609091	0.210000
0.609091	0.220000
0.609091	0.230000
0.609091	0.240000
0.609091	0.250000
0.609091	0.260000
0.609091	0.270000
0.609091	0.280000
0.609091	0.290000
0.609091	0.300000
0.615859	0.000000
0.615859	0.010000
0.615859	0.020000
0.615859	0.030000
0.615859	0.040000
0.615859	0.050000
0.615859	0.060000
0.615859	0.070000
0.615859	0.080000
0.615859	0.090000
0.615859	0.100000
0.615859	0.110000
0.615859	0.120000
0.615859	0.130000
0.615859	0.140000
0.615859	0.150000
0.615859	0.160000
0.615859	0.170000
0.615859	0.180000
0.615859	0.190000
0.615859	0.200000
0.615859	0.210000
0.615859	0.220000
0.615859	0.230000
0.615859	0.240000
0.615859	0.250000
0.615859	0.260000
0.615859	0.270000
0.615859	0.280000
0.615859	0.290000
0.615859	0.300000
0.622626	0.000000
0.622626	0.010000
0.622626	0.020000
0.622626	0.030000
0.622626	0.040000
0.622626	0.050000
0.622626	0.060000
0.622626	0.070000
0.622626	0.080000
0.622626	0.090000
0.622626	0.100000
0.622626	0.110000
0.622626	0.120000
0.622626	0.130000
0.622626	0.140000
0.622626	0.150000
0.622626	0.160000
0.622626	0.170000
0.622626	0.180000
0.622626	0.190000
0.622626	0.200000
0.622626	0.210000
0.622626	0.220000
0.622626	0.230000
0.622626	0.240000
0.622626	0.250000
0.622626	0.260000
0.622626	0.270000
0.622626	0.280000
0.622626	0.290000
0.622626	0.300000
0.629394	0.000000
0.629394	0.010000
0.629394	0.020000
0.629394	0.030000
0.629394	0.040000
0.629394	0.050000
0.629394	0.060000
0.629394	0.070000
0.629394	0.080000
0.629394	0.090000
0.629394	0.100000
0.629394	0.110000
0.629394	0.120000
0.629394	0.130000
0.629394	0.140000
0.629394	0.150000
0.629394	0.160000
0.629394	0.170000
0.629394	0.180000
0.629394	0.190000
0.629394	0.200000
0.629394	0.210000
0.629394	0.220000
0.629394	0.230000
0.629394	0.240000
0.629394	0.250000
0.629394	0.260000
0.629394	0.270000
0.629394	0.280000
0.629394	0.290000
0.629394	0.300000
0.636162	0.000000
0.636162	0.010000
0.636162	0.020000
0.636162	0.030000
0.636162	0.040000
0.636162	0.050000
0.636162	0.060000
0.636162	0.070000
0.636162	0.080000
0.636162	0.090000
0.636162	0.100000
0.636162	0.110000
0.636162	0.120000
0.636162	0.130000
0.636162	0.140000
0.636162	0.150000
0.636162	0.160000
0.636162	0.170000
0.636162	0.180000
0.636162	0.190000
0.636162	0.200000
0.636162	0.210000
0.636162	0.220000
0.636162	0.230000
0.636162	0.240000
0.636162	0.250000
0.636162	0.260000
0.636162	0.270000
0.636162	0.280000
0.636162	0.290000
0.636162	0.300000
0.642929	0.000000
0.642929	0.010000
0.642929	0.020000
0.642929	0.030000
0.642929	0.040000
0.642929	0.050000
0.642929	0.060000
0.642929	0.070000
0.642929	0.080000
0.642929	0.090000
0.642929	0.100000
0.642929	0.110000
0.642929	0.120000
0.642929	0.130000
0.642929	0.140000
0.642929	0.150000
0.642929	0.160000
0.642929	0.170000
0.642929	0.180000
0.642929	0.190000
0.642929	0.200000
0.642929	0.210000
0.642929	0.220000
0.642929	0.230000
0.642929	0.240000
0.642929	0.250000
0.642929	0.260000
0.642929	0.270000
0.642929	0.280000
0.642929	0.290000
0.642929	0.300000
0.649697	0.000000
0.649697	0.010000
0.649697	0.020000
0.649697	0.030000
0.649697	0.040000
0.649697	0.050000
0.649697	0.060000
0.649697	0.070000
0.649697	0.080000
0.649697	0.090000
0.649697	0.100000
0.649697	0.110000
0.649697	0.120000
0.649697	0.130000
0.649697	0.140000
0.649697	0.150000
0.649697	0.160000
0.649697	0.170000
0.649697	0.180000
0.649697	0.190000
0.649697	0.200000
0.649697	0.210000
0.649697	0.220000
0.649697	0.230000
0.649697	0.240000
0.649697	0.250000
0.649697	0.260000
0.649697	0.270000
0.649697	0.280000
0.649697	0.290000
0.649697	0.300000
0.656465	0.000000
0.656465	0.010000
0.656465	0.020000
0.656465	0.030000
0.656465	0.040000
0.656465	0.050000
0.656465	0.060000
0.656465	0.070000
0.656465	0.080000
0.656465	0.090000
0.656465	0.100000
0.656465	0.110000
0.656465	0.120000
0.656465	0.130000
0.656465	0.140000
0.656465	0.150000
0.656465	0.160000
0.656465	0.170000
0.656465	0.180000
0.656465	0.190000
0.656465	0.200000
0.656465	0.210000
0.656465	0.220000
0.656465	0.230000
0.656465	0.240000
0.656465	0.250000
0.656465	0.260000
0.656465	0.270000
0.656465	0.280000
0.656465	0.290000
0.656465	0.300000
0.663232	0.000000
0.663232	0.010000
0.663232	0.020000
0.663232	0.030000
0.663232	0.040000
0.663232	0.050000
0.663232	0.060000
0.663232	0.070000
0.663232	0.080000
0.663232	0.090000
0.663232	0.100000
0.663232	0.110000
0.663232	0.120000
0.663232	0.130000
0.663232	0.140000
0.663232	0.150000
0.663232	0.160000
0.663232	0.170000
0.663232	0.180000
0.663232	0.190000
0.663232	0.200000
0.663232	0.210000
0.663232	0.220000
0.663232	0.230000
0.663232	0.240000
0.663232	0.250000
0.663232	0.260000
0.663232	0.270000
0.663232	0.280000
0.663232	0.290000
0.663232	0.300000
0.670000	0.000000
0.670000	0.010000
0.670000	0.020000
0.670000	0.030000
0.670000	0.040000
0.670000	0.050000
0.670000	0.060000
0.670000	0.070000
0.670000	0.080000
0.670000	0.090000
0.670000	0.100000
0.670000	0.110000
0.670000	0.120000
0.670000	0.130000
0.670000	0.140000
0.670000	0.150000
0.670000	0.160000
0.670000	0.170000
0.670000	0.180000
0.670000	0.190000
0.670000	0.200000
0.670000	0.210000
0.670000	0.220000
0.670000	0.230000
0.670000	0.240000
0.670000	0.250000
0.670000	0.260000
0.670000	0.270000
0.670000	0.280000
0.670000	0.290000
0.670000	0.300000
