0
0.00676767676767677
0.0135353535353535
0.0203030303030303
0.0270707070707071
0.0338383838383838
0.0406060606060606
0.0473737373737374
0.0541414141414141
0.0609090909090909
0.0676767676767677
0.0744444444444445
0.0812121212121212
0.087979797979798
0.0947474747474748
0.101515151515152
0.108282828282828
0.115050505050505
0.121818181818182
0.128585858585859
0.135353535353535
0.142121212121212
0.148888888888889
0.155656565656566
0.162424242424242
0.169191919191919
0.175959595959596
0.182727272727273
0.18949494949495
0.196262626262626
0.203030303030303
0.20979797979798
0.216565656565657
0.223333333333333
0.23010101010101
0.236868686868687
0.243636363636364
0.25040404040404
0.257171717171717
0.263939393939394
0.270707070707071
0.277474747474747
0.284242424242424
0.291010101010101
0.297777777777778
0.304545454545455
0.311313131313131
0.318080808080808
0.324848484848485
0.331616161616162
0.338383838383838
0.345151515151515
0.351919191919192
0.358686868686869
0.365454545454545
0.372222222222222
0.378989898989899
0.385757575757576
0.392525252525252
0.399292929292929
0.406060606060606
0.412828282828283
0.41959595959596
0.426363636363636
0.433131313131313
0.43989898989899
0.446666666666667
0.453434343434343
0.46020202020202
0.466969696969697
0.473737373737374
0.48050505050505
0.487272727272727
0.494040404040404
0.500808080808081
0.507575757575758
0.514343434343434
0.521111111111111
0.527878787878788
0.534646464646465
0.541414141414141
0.548181818181818
0.554949494949495
0.561717171717172
0.568484848484848
0.575252525252525
0.582020202020202
0.588787878787879
0.595555555555556
0.602323232323232
0.609090909090909
0.615858585858586
0.622626262626263
0.629393939393939
0.636161616161616
0.642929292929293
0.64969696969697
0.656464646464647
0.663232323232323
0.67
