0.542184028597
0.861924069203
1.07294362778
1.21116127662
1.31116127662
1.40898250113
1.52898250113
1.72382751485
2.08657277183
0.41701676682
0.365097384863
0.30179151729
0.267426221899
0.277426221899
0.332507516885
0.385631475087
0.2400000000000000
0.5759912949284120
0.0101791876623943
0.0100000000000000
0.0100000000000000
0.0100000000000000
0.0106445901845188
0.2407333391874770
0.7200000000000000
0.0006715196358314
0.0006715196358314
0.0005000000000000
0.0013166656877675
0.3081701142531930
0.5357287469107790
0.0065715196358314
0.0065715196358314
0.0065715196358314
0.0065715196358314
0.2409181634503920
0.6459591680802880
0.0006715196358314
0.0005000000000000
0.0005000000000000
0.0005000000000000
0.0020000000000000
0.0020000000000000
0.0020000000000000
0.0020000000000000
0.0020000000000000
0.0020000000000000
0.2301600182237050
0.4800000000000000
0.7195796156725280
0.8494222557571700
0.0074000000000000
0.0064164741271626
0.0074000000000000
0.0074000000000000
0.0074000000000000
0.0066592149913314
