942.8607971241700625
942.8594352986056037
942.8580734695937053
942.8567116371327756
942.8553498012212231
942.8539879618575696
942.8526261190399964
942.8512642727671391
942.8499024230374062
942.8485405698492059
942.8471787131999235
942.8458168530868306
942.8444549895101545
942.8430931224688720
942.8417312519613915
942.8403693779858941
942.8390075005409017
942.8376456196248228
942.8362837352361794
942.8349218473731526
942.8335599560324454
942.8321980612128073
942.8308361629142382
942.8294742611351467
942.8281123558739409
942.8267504471290295
942.8258058314562504
942.8280067143161887
942.8365361012015455
942.8579117160300029
942.9234637755405402
943.0850083061226314
943.4106392368008756
943.7926623279864771
944.0903797625898051
944.2973178829212202
944.4475689030805370
944.5621870405191203
944.6505670361435705
944.7177344639060266
944.7666751527240194
944.7990621557878512
944.8178728834701587
944.8252543861581216
944.8226492266046534
944.8108558466121849
944.7893777298764917
944.7487152269928856
944.5426833568558322
944.4071509858462150
944.3010658596248277
944.1829352503638120
944.0595932769248293
943.9363252893751906
943.8143969360443180
943.6944359281732204
943.5765235145501038
943.4605333952571300
943.3463418328566377
943.2338759356460969
943.1231293343618063
943.0141754462282506
942.9071906105094740
942.8020934827363817
942.6993871674640104
942.6003076985284679
942.5054219081034717
942.4151876584317051
942.3298108534058883
942.2490947116633606
942.1724072807297716
942.0988198513712177
942.0273337296581531
941.9571775003120138
941.8888641875776102
941.8233399780093578
941.7612111702941320
941.7028460397801837
941.6484504970126181
941.5981176449062104
941.5518685055345713
941.5096741982426920
941.4714726009879087
941.4371798831513161
941.4066985240569920
941.3799229033429583
941.3567323447708759
941.3367556308323856
941.3194661000943597
941.3044680260733230
941.2914616350427650
941.2802182227825369
941.2705599657963376
941.2623482927538134
941.2554767440431078
941.2498674283032187
941.2454714445872241
941.2422762208092308
941.2403330614882861
941.2399366123911477
