0
0.0101010101
0.0202020202
0.0303030303
0.0404040404
0.0505050505
0.0606060606
0.0707070707
0.0808080808
0.0909090909
0.101010101
0.1111111111
0.1212121212
0.1313131313
0.1414141414
0.1515151515
0.1616161616
0.1717171717
0.1818181818
0.1919191919
0.202020202
0.2121212121
0.2222222222
0.2323232323
0.2424242424
0.2525252525
0.2626262626
0.2727272727
0.2828282828
0.2929292929
0.303030303
0.3131313131
0.3232323232
0.3333333333
0.3434343434
0.3535353535
0.3636363636
0.3737373737
0.3838383838
0.3939393939
0.404040404
0.4141414141
0.4242424242
0.4343434343
0.4444444444
0.4545454545
0.4646464646
0.4747474747
0.4848484848
0.4949494949
0.5050505051
0.5151515152
0.5252525253
0.5353535354
0.5454545455
0.5555555556
0.5656565657
0.5757575758
0.5858585859
0.595959596
0.6060606061
0.6161616162
0.6262626263
0.6363636364
0.6464646465
0.6565656566
0.6666666667
0.6767676768
0.6868686869
0.696969697
0.7070707071
0.7171717172
0.7272727273
0.7373737374
0.7474747475
0.7575757576
0.7676767677
0.7777777778
0.7878787879
0.797979798
0.8080808081
0.8181818182
0.8282828283
0.8383838384
0.8484848485
0.8585858586
0.8686868687
0.8787878788
0.8888888889
0.898989899
0.9090909091
0.9191919192
0.9292929293
0.9393939394
0.9494949495
0.9595959596
0.9696969697
0.9797979798
0.9898989899
1
