0.2183999974890610
0.2548497869251380
0.2972143376024220
0.3862000000000000
0.3872000000000000
0.4012000000000000
0.4112000000020790
0.4212000000062790
0.4349659612770720
0.5072059194795280
0.5360000000000000
0.3087560246336060
0.2894370028363870
0.2562993102028990
0.2508602692458420
0.2518602692458420
0.2522602692459250
0.2529602692460090
0.2529602692460090
0.2528250235124950
0.2518602692458420
0.3081105930808730
0.6052542979075640
0.0100000000000000
0.0100000000000000
0.0100000000000000
0.0100000000000000
0.0088043270964529
0.3083569787751710
0.6575852795165670
0.0005000000000000
0.0005000000000000
0.0005000000000000
0.0005000000000000
0.3083127571906120
0.6575852795165670
0.0064000000000000
0.0064000000000000
0.0064000000000000
0.0064000000000000
0.3081105622071950
0.6522896117616630
0.0005000000000000
0.0005000000000000
0.0005000000000000
0.0005000000000000
0.0020000000000000
0.0020000000000000
0.0020000000000000
0.0020000000000000
0.0020000000000000
0.0020000000000000
0.2222323386878620
0.4497755991863040
0.6997755991863040
0.8497755991241920
0.0074000000000000
0.0074000000000000
0.0074000000000000
0.0074000000000000
0.0074000000000000
0.0074000000000000
2390
66e9
0.32
1.39
0.23e-6
0.0006
972
1580
59e9
61e9
22e9
0.35
-0.01
-0.02
3.37
3.39
3.42
1.1e-6
1.0e-6
1.0e-7
0.006
-0.004
0.006
-0.004
0.003
500
181
0.2e9
0.165
0.69
3e-6
13e6
750
0.039
300e6
97500
950
18700
214
11.9
