0.4446320 0.4263690 0.3976520 0.3626220 0.3467410 0.4005050 0.5436770 0.7029730 0.8280830 0.3575960 0.3782910 0.3916900 0.3984120 -0.0000020 0.0000060 -0.0000220 0.0000840 -0.0003120 0.0011650 -0.0040750 -0.0167380 -0.0366250 -0.0638830 -0.0981760 -0.1350160 -0.1702040 -0.2092180 -0.2232060 
0.4392740 0.4049340 0.3555310 0.3012780 0.2777370 0.3026030 0.3952440 0.5581710 0.7733070 0.2929060 0.3329850 0.3716400 0.3940250 -0.0000040 0.0000150 -0.0000560 0.0002080 -0.0007770 0.0028980 -0.0101240 -0.0363020 -0.0705200 -0.1080500 -0.1441940 -0.1737410 -0.1959810 -0.2163330 -0.2212300 
0.4283190 0.3814350 0.3461080 0.3256600 0.3200840 0.4962290 0.7394970 0.8468620 0.8719470 0.3258420 0.3435630 0.3674320 0.3908330 -0.0000120 0.0000470 -0.0001740 0.0006490 -0.0024220 0.0090390 -0.0315210 -0.0946610 -0.1445920 -0.1789990 -0.2015870 -0.2144990 -0.2202960 -0.2218050 -0.2196570 
0.4422370 0.4162940 0.3767580 0.3372770 0.3224850 0.3725540 0.5164160 0.6868510 0.8236540 0.3330750 0.3610570 0.3878360 0.3988980 -0.0000030 0.0000090 -0.0000350 0.0001320 -0.0004930 0.0018380 -0.0064250 -0.0241330 -0.0490170 -0.0790710 -0.1123610 -0.1462470 -0.1774070 -0.2110890 -0.2226820 
0.4327390 0.3815220 0.3170490 0.2604990 0.2398400 0.3014590 0.4765110 0.6777590 0.8244150 0.2567410 0.3042340 0.3574920 0.3921770 -0.0000030 0.0000120 -0.0000450 0.0001680 -0.0006260 0.0023350 -0.0081590 -0.0296790 -0.0584870 -0.0911450 -0.1243320 -0.1559440 -0.1837400 -0.2127780 -0.2222100 
0.4227560 0.3593840 0.3153740 0.2982040 0.2954990 0.4007110 0.6125960 0.7633950 0.8477130 0.3095300 0.3430280 0.3732320 0.3937070 -0.0000050 0.0000190 -0.0000720 0.0002680 -0.0009990 0.0037260 -0.0130130 -0.0446310 -0.0830020 -0.1194600 -0.1504970 -0.1764640 -0.1968350 -0.2161450 -0.2212640 
0.4455180 0.4146690 0.3512900 0.2887840 0.2656180 0.3545190 0.5721010 0.7501760 0.8457480 0.2760350 0.3074170 0.3480740 0.3856820 -0.0000020 0.0000060 -0.0000240 0.0000900 -0.0003350 0.0012480 -0.0043710 -0.0189620 -0.0433790 -0.0745790 -0.1092880 -0.1442920 -0.1763620 -0.2109070 -0.2227370 
0.4487100 0.4328930 0.3952150 0.3565750 0.3420480 0.4031730 0.5713640 0.7507370 0.8516180 0.3470650 0.3617590 0.3797850 0.3947810 -0.0000010 0.0000050 -0.0000200 0.0000730 -0.0002730 0.0010170 -0.0035580 -0.0143870 -0.0311220 -0.0535980 -0.0816600 -0.1149290 -0.1539150 -0.2035960 -0.2247070 
0.4192960 0.3542350 0.3021220 0.2692760 0.2596840 0.2772460 0.3647280 0.5564670 0.7812270 0.2952600 0.3521160 0.3839930 0.3974930 -0.0000000 0.0000020 -0.0000070 0.0000260 -0.0000960 0.0003580 -0.0012570 -0.0073120 -0.0197330 -0.0403240 -0.0718310 -0.1127340 -0.1551920 -0.2050330 -0.2243640 
0.4418520 0.4113840 0.3585230 0.3026380 0.2813060 0.3662900 0.5838940 0.7742490 0.8559400 0.2910180 0.3198030 0.3559600 0.3877720 -0.0000020 0.0000060 -0.0000210 0.0000800 -0.0002980 0.0011120 -0.0038890 -0.0157710 -0.0341930 -0.0590210 -0.0901100 -0.1271480 -0.1645090 -0.2074600 -0.2236860 
0.4437590 0.4210070 0.3846900 0.3505650 0.3381520 0.3747960 0.4932460 0.6619820 0.8150900 0.3403030 0.3497520 0.3688790 0.3911800 -0.0000080 0.0000290 -0.0001090 0.0004070 -0.0015190 0.0056700 -0.0197810 -0.0625550 -0.1028910 -0.1362700 -0.1640100 -0.1859960 -0.2024970 -0.2174060 -0.2209010 
0.4382740 0.4025750 0.3554130 0.3100450 0.2920370 0.3673840 0.5678310 0.7634000 0.8547860 0.2947930 0.3124190 0.3492950 0.3862310 -0.0000010 0.0000050 -0.0000190 0.0000710 -0.0002660 0.0009940 -0.0034780 -0.0144650 -0.0320000 -0.0562480 -0.0876050 -0.1253620 -0.1634100 -0.2072040 -0.2237580 
0.4446370 0.4194040 0.3647550 0.2801880 0.2395840 0.2452280 0.2985240 0.4553630 0.7331080 0.2505670 0.2856920 0.3357660 0.3828270 -0.0000010 0.0000050 -0.0000180 0.0000690 -0.0002560 0.0009560 -0.0033450 -0.0142360 -0.0320670 -0.0572130 -0.0906790 -0.1286910 -0.1659420 -0.2080320 -0.2235350 
0.4175530 0.3374960 0.2727660 0.2420540 0.2353480 0.2832320 0.4350790 0.6371710 0.8097550 0.2408580 0.2636740 0.3082810 0.3713350 -0.0000130 0.0000500 -0.0001860 0.0006940 -0.0025900 0.0096650 -0.0337030 -0.0990060 -0.1481070 -0.1821250 -0.2040020 -0.2161940 -0.2212900 -0.2220220 -0.2195940 
0.4376160 0.4001540 0.3512340 0.3046400 0.2852850 0.3057340 0.4145640 0.6128630 0.8012020 0.3000530 0.3381610 0.3732910 0.3941940 -0.0000050 0.0000200 -0.0000740 0.0002770 -0.0010330 0.0038570 -0.0134660 -0.0454060 -0.0822600 -0.1160710 -0.1466390 -0.1730220 -0.1944810 -0.2154650 -0.2214520 
0.4335800 0.3863150 0.3303840 0.2869820 0.2727130 0.3530130 0.5546790 0.7327500 0.8398580 0.2780920 0.3034460 0.3461900 0.3857160 -0.0000040 0.0000160 -0.0000610 0.0002260 -0.0008440 0.0031500 -0.0110030 -0.0394110 -0.0764650 -0.1170210 -0.1557940 -0.1875990 -0.2069940 -0.2200900 -0.2202230 
0.4266870 0.3738060 0.3376810 0.3221310 0.3191630 0.3553200 0.4874050 0.6654510 0.8171170 0.3222740 0.3341960 0.3558140 0.3858180 -0.0000000 0.0000020 -0.0000060 0.0000220 -0.0000810 0.0003010 -0.0010650 -0.0082730 -0.0250350 -0.0541320 -0.0904530 -0.1296090 -0.1670150 -0.2085180 -0.2234090 
0.4454980 0.4271760 0.3920740 0.3500630 0.3331610 0.3302340 0.3520970 0.4546350 0.6926140 0.3417010 0.3637210 0.3840920 0.3964870 -0.0000000 0.0000010 -0.0000040 0.0000150 -0.0000540 0.0002030 -0.0007190 -0.0059710 -0.0182200 -0.0402160 -0.0748680 -0.1161780 -0.1579240 -0.2059510 -0.2241180 
0.4286440 0.3688830 0.3024510 0.2548650 0.2399020 0.2872670 0.4303520 0.6167240 0.7938190 0.2601530 0.3139260 0.3661600 0.3936560 -0.0000030 0.0000130 -0.0000480 0.0001770 -0.0006620 0.0024710 -0.0086350 -0.0314920 -0.0621990 -0.0972440 -0.1329760 -0.1659040 -0.1920420 -0.2156600 -0.2214460 
0.4305470 0.3764830 0.3170890 0.2738320 0.2599850 0.3375330 0.5222560 0.7002110 0.8288460 0.2670590 0.2929500 0.3368280 0.3826090 -0.0000080 0.0000290 -0.0001080 0.0004050 -0.0015100 0.0056370 -0.0196780 -0.0648890 -0.1155330 -0.1557470 -0.1837130 -0.2023150 -0.2132590 -0.2203330 -0.2200860 
0.4463220 0.4268130 0.3811540 0.3005410 0.2516160 0.2666880 0.3412330 0.5082990 0.7574090 0.2816180 0.3406190 0.3781420 0.3960310 -0.0000000 0.0000010 -0.0000030 0.0000110 -0.0000410 0.0001550 -0.0005460 -0.0040530 -0.0119600 -0.0259250 -0.0476640 -0.0786020 -0.1212620 -0.1914580 -0.2278970 
0.4425980 0.4173980 0.3793080 0.3438720 0.3310320 0.3362160 0.3808330 0.5087900 0.7447270 0.3437920 0.3701890 0.3882860 0.3976900 -0.0000030 0.0000100 -0.0000390 0.0001440 -0.0005370 0.0020030 -0.0070000 -0.0260000 -0.0522560 -0.0833370 -0.1167690 -0.1498710 -0.1798010 -0.2117380 -0.2225010 
0.4319000 0.3832360 0.3337880 0.3011860 0.2914160 0.3602440 0.5473180 0.7407060 0.8468630 0.3028430 0.3337490 0.3668850 0.3918310 -0.0000050 0.0000190 -0.0000710 0.0002660 -0.0009910 0.0037000 -0.0129170 -0.0437290 -0.0795130 -0.1129980 -0.1438160 -0.1708230 -0.1930820 -0.2151080 -0.2215530 
0.4371240 0.3951410 0.3335910 0.2746980 0.2530520 0.3532050 0.5970930 0.7838680 0.8581120 0.2692850 0.3100400 0.3542040 0.3885520 -0.0000020 0.0000060 -0.0000220 0.0000820 -0.0003060 0.0011440 -0.0040050 -0.0174940 -0.0406860 -0.0716310 -0.1065690 -0.1421770 -0.1750160 -0.2105640 -0.2228340 
0.4218110 0.3567400 0.2986660 0.2590740 0.2468600 0.2728880 0.3741820 0.5603030 0.7811230 0.2615820 0.3035640 0.3522400 0.3884820 -0.0000010 0.0000030 -0.0000120 0.0000430 -0.0001620 0.0006040 -0.0021180 -0.0107040 -0.0266960 -0.0524060 -0.0876790 -0.1268060 -0.1649800 -0.2078810 -0.2235830 
0.4232010 0.3565810 0.2921270 0.2460800 0.2314520 0.2731460 0.4110240 0.6138850 0.8019420 0.2477540 0.2926920 0.3445330 0.3859840 -0.0000040 0.0000150 -0.0000560 0.0002110 -0.0007870 0.0029350 -0.0102540 -0.0364990 -0.0703290 -0.1068510 -0.1404810 -0.1691870 -0.1924750 -0.2151400 -0.2215530 
0.4346420 0.3922020 0.3438050 0.3054430 0.2925290 0.3371620 0.4781380 0.6616190 0.8163180 0.3044250 0.3354500 0.3677950 0.3920660 -0.0000060 0.0000220 -0.0000830 0.0003100 -0.0011590 0.0043240 -0.0150890 -0.0487510 -0.0830980 -0.1155330 -0.1454720 -0.1718080 -0.1935780 -0.2151760 -0.2215310 
0.4315290 0.3804960 0.3220700 0.2756170 0.2599540 0.2988620 0.4313930 0.6278560 0.8060980 0.2721250 0.3078140 0.3515950 0.3876360 -0.0000040 0.0000150 -0.0000570 0.0002110 -0.0007880 0.0029420 -0.0102770 -0.0368370 -0.0715380 -0.1095590 -0.1461580 -0.1758960 -0.1975540 -0.2168410 -0.2210910 
0.4454020 0.4178330 0.3706730 0.3272530 0.3115910 0.3331670 0.4149220 0.5613860 0.7675260 0.3146600 0.3310050 0.3609880 0.3895530 -0.0000050 0.0000180 -0.0000680 0.0002540 -0.0009470 0.0035340 -0.0123450 -0.0437800 -0.0841070 -0.1270930 -0.1666470 -0.1956780 -0.2115450 -0.2210980 -0.2199240 
0.4350200 0.3909510 0.3364120 0.2903570 0.2742130 0.3055890 0.4182440 0.6050010 0.7973050 0.2896560 0.3288930 0.3662860 0.3920150 -0.0000040 0.0000140 -0.0000520 0.0001950 -0.0007270 0.0027140 -0.0094800 -0.0340450 -0.0661980 -0.1016720 -0.1356660 -0.1653950 -0.1900490 -0.2145140 -0.2217290 
0.4392740 0.4083870 0.3718140 0.3438110 0.3349650 0.4346720 0.6597590 0.8069990 0.8621140 0.3432250 0.3655760 0.3884190 0.3991650 -0.0000020 0.0000060 -0.0000210 0.0000790 -0.0002940 0.0010960 -0.0038360 -0.0166260 -0.0381520 -0.0684790 -0.1035200 -0.1397330 -0.1734320 -0.2101460 -0.2229500 
0.4288160 0.3684430 0.2985370 0.2486100 0.2355650 0.2974400 0.4708930 0.6672420 0.8193910 0.2472450 0.2849020 0.3373690 0.3836220 -0.0000030 0.0000120 -0.0000460 0.0001720 -0.0006420 0.0023960 -0.0083700 -0.0305640 -0.0604430 -0.0946240 -0.1296420 -0.1620140 -0.1883970 -0.2143300 -0.2217910 
0.4208460 0.3674420 0.3236260 0.2947530 0.2860470 0.3278530 0.4664250 0.6537020 0.8139890 0.2896450 0.3070670 0.3437580 0.3843250 -0.0000080 0.0000290 -0.0001100 0.0004100 -0.0015310 0.0057120 -0.0199280 -0.0632130 -0.1043420 -0.1379170 -0.1655580 -0.1872120 -0.2032760 -0.2176080 -0.2208450 
0.4299930 0.3749620 0.3163300 0.2824810 0.2751570 0.3189360 0.4601100 0.6501400 0.8130370 0.3062730 0.3548370 0.3836270 0.3970890 -0.0000040 0.0000170 -0.0000620 0.0002330 -0.0008700 0.0032480 -0.0113380 -0.0387960 -0.0710830 -0.1035160 -0.1350680 -0.1639910 -0.1887290 -0.2139930 -0.2218660 
0.4415600 0.4126890 0.3669410 0.3080690 0.2749520 0.4157500 0.6787960 0.8187320 0.8654100 0.2756410 0.2965490 0.3409740 0.3841080 0.0000000 -0.0000010 0.0000030 -0.0000110 0.0000420 -0.0001570 0.0005430 -0.0003670 -0.0052310 -0.0164100 -0.0363600 -0.0671380 -0.1123040 -0.1885670 -0.2286700 
0.4463910 0.4298690 0.3951280 0.3527490 0.3356810 0.4049750 0.5800990 0.7392790 0.8403350 0.3428440 0.3620430 0.3817570 0.3956340 -0.0000010 0.0000050 -0.0000190 0.0000710 -0.0002650 0.0009910 -0.0034680 -0.0148410 -0.0334640 -0.0600920 -0.0946410 -0.1322220 -0.1684130 -0.2087540 -0.2233370 
0.4408490 0.4065720 0.3459250 0.2669650 0.2323140 0.3582300 0.6265870 0.7929610 0.8591120 0.2512910 0.2994850 0.3496340 0.3875520 -0.0000100 0.0000360 -0.0001350 0.0005040 -0.0018800 0.0070150 -0.0244760 -0.0781530 -0.1317130 -0.1689910 -0.1944280 -0.2098340 -0.2177230 -0.2213220 -0.2198020 
0.4393520 0.4026110 0.3437170 0.2714980 0.2394940 0.2608670 0.3557410 0.5497550 0.7789020 0.2456320 0.2706480 0.3186700 0.3766020 -0.0000030 0.0000100 -0.0000390 0.0001440 -0.0005380 0.0020100 -0.0070230 -0.0260840 -0.0524210 -0.0836070 -0.1171170 -0.1501770 -0.1800130 -0.2117990 -0.2224840 
0.4427120 0.4129760 0.3556570 0.2829480 0.2527280 0.3149790 0.4873100 0.6777190 0.8223890 0.2561350 0.2776620 0.3269420 0.3798100 -0.0000010 0.0000040 -0.0000130 0.0000500 -0.0001850 0.0006920 -0.0024230 -0.0104930 -0.0239060 -0.0431750 -0.0688890 -0.1012070 -0.1419310 -0.1993790 -0.2258130 
0.4215640 0.3575800 0.3103070 0.2849390 0.2784950 0.3928840 0.6454780 0.8044040 0.8622980 0.2903940 0.3243660 0.3638550 0.3923750 -0.0000050 0.0000190 -0.0000730 0.0002710 -0.0010120 0.0037780 -0.0131950 -0.0464220 -0.0884450 -0.1322690 -0.1710030 -0.1968750 -0.2116180 -0.2207470 -0.2200090 
0.4092210 0.3416350 0.3072080 0.2956400 0.2944680 0.3217890 0.4335560 0.6237850 0.8041560 0.2955100 0.3053260 0.3341870 0.3797030 -0.0000020 0.0000070 -0.0000260 0.0000980 -0.0003650 0.0013620 -0.0047620 -0.0185880 -0.0390400 -0.0653240 -0.0964480 -0.1319390 -0.1675760 -0.2082310 -0.2234700 
0.4485370 0.4310250 0.3855540 0.3365840 0.3178610 0.3369870 0.4123070 0.5527220 0.7603500 0.3225440 0.3413290 0.3682730 0.3917360 -0.0000040 0.0000160 -0.0000600 0.0002250 -0.0008400 0.0031340 -0.0109490 -0.0389560 -0.0750720 -0.1139470 -0.1500500 -0.1781080 -0.1987590 -0.2170210 -0.2210370 
0.4497330 0.4434030 0.4218330 0.3766820 0.3472780 0.3597710 0.4343420 0.6063110 0.7965610 0.3487530 0.3557610 0.3710220 0.3914200 -0.0000050 0.0000170 -0.0000640 0.0002390 -0.0008910 0.0033250 -0.0116140 -0.0412160 -0.0792370 -0.1198510 -0.1573150 -0.1851360 -0.2037010 -0.2185220 -0.2206250 
0.4302980 0.3846760 0.3532660 0.3410410 0.3391250 0.3468630 0.3932920 0.5093580 0.7247070 0.3421050 0.3527870 0.3707470 0.3915860 -0.0000060 0.0000230 -0.0000860 0.0003230 -0.0012040 0.0044920 -0.0156790 -0.0517500 -0.0907890 -0.1246470 -0.1541730 -0.1787160 -0.1980310 -0.2163390 -0.2212050 
0.4350160 0.3982330 0.3656740 0.3447260 0.3385160 0.3861080 0.5244300 0.6914510 0.8253830 0.3460200 0.3663070 0.3869860 0.3978260 -0.0000040 0.0000160 -0.0000620 0.0002300 -0.0008570 0.0032000 -0.0111780 -0.0395280 -0.0756450 -0.1139830 -0.1481040 -0.1755300 -0.1967000 -0.2163000 -0.2212310 
0.4406950 0.4121630 0.3739830 0.3357900 0.3184960 0.3859790 0.5639980 0.7360410 0.8406110 0.3460650 0.3827010 0.3979480 0.4006930 -0.0000060 0.0000220 -0.0000840 0.0003120 -0.0011630 0.0043410 -0.0151550 -0.0506350 -0.0910720 -0.1261880 -0.1560020 -0.1803630 -0.1991660 -0.2166700 -0.2211140 
0.4263590 0.3664370 0.3133200 0.2826180 0.2742810 0.3475570 0.5457900 0.7482120 0.8516270 0.2875720 0.3237320 0.3623190 0.3907860 -0.0000030 0.0000100 -0.0000370 0.0001370 -0.0005100 0.0019020 -0.0066480 -0.0247850 -0.0499870 -0.0800360 -0.1126430 -0.1455010 -0.1764510 -0.2106460 -0.2227950 
0.4228400 0.3521010 0.2863570 0.2499840 0.2406540 0.3090850 0.4813700 0.6711930 0.8201270 0.2594000 0.3037940 0.3511850 0.3878250 -0.0000010 0.0000040 -0.0000160 0.0000600 -0.0002240 0.0008350 -0.0029230 -0.0125130 -0.0282500 -0.0506910 -0.0801180 -0.1176770 -0.1578940 -0.2054740 -0.2242320 
0.4490130 0.4366030 0.3977010 0.3184700 0.2666060 0.3579460 0.5876800 0.7787810 0.8572020 0.2864430 0.3351270 0.3747200 0.3950730 -0.0000010 0.0000050 -0.0000180 0.0000660 -0.0002470 0.0009230 -0.0032270 -0.0132930 -0.0291750 -0.0509490 -0.0786850 -0.1123050 -0.1523250 -0.2031760 -0.2248280 
0.4273590 0.3756030 0.3326470 0.3054910 0.2975430 0.3252790 0.4241820 0.5894610 0.7876610 0.3005690 0.3146590 0.3448490 0.3838610 0.0000000 -0.0000000 0.0000000 -0.0000010 0.0000050 -0.0000170 0.0000410 -0.0058080 -0.0242460 -0.0544680 -0.0912690 -0.1304850 -0.1676740 -0.2087320 -0.2233510 
0.4358730 0.3944570 0.3436780 0.3018940 0.2875620 0.3474190 0.5160530 0.7063000 0.8350890 0.2930340 0.3118040 0.3416570 0.3799390 -0.0000000 0.0000010 -0.0000050 0.0000200 -0.0000760 0.0002830 -0.0009940 -0.0055530 -0.0146610 -0.0296770 -0.0519760 -0.0827810 -0.1239000 -0.1919350 -0.2277680 
0.4327070 0.3830810 0.3247180 0.2790660 0.2638530 0.3315420 0.5167210 0.7114670 0.8349970 0.2784440 0.3172250 0.3584800 0.3897310 -0.0000060 0.0000230 -0.0000870 0.0003250 -0.0012110 0.0045200 -0.0157800 -0.0527580 -0.0952780 -0.1317860 -0.1613820 -0.1847030 -0.2019810 -0.2174150 -0.2209050 
0.4059980 0.3231190 0.2799660 0.2667270 0.2659010 0.3846680 0.6205280 0.7750360 0.8519800 0.2705440 0.2889930 0.3236850 0.3744580 -0.0000030 0.0000120 -0.0000450 0.0001690 -0.0006300 0.0023520 -0.0082170 -0.0300400 -0.0594720 -0.0932190 -0.1279300 -0.1601360 -0.1869340 -0.2138460 -0.2219210 
0.4442820 0.4242670 0.3915890 0.3534300 0.3377920 0.4002690 0.5680080 0.7366520 0.8406900 0.3414920 0.3539160 0.3730300 0.3925840 -0.0000010 0.0000030 -0.0000100 0.0000390 -0.0001440 0.0005370 -0.0018800 -0.0087960 -0.0210850 -0.0397650 -0.0658150 -0.1002200 -0.1439790 -0.2006960 -0.2255130 
0.4313630 0.3844600 0.3450610 0.3272400 0.3236860 0.3369660 0.4156820 0.5958380 0.7937750 0.3339380 0.3609390 0.3865330 0.3980790 -0.0000010 0.0000030 -0.0000100 0.0000380 -0.0001430 0.0005320 -0.0018640 -0.0089490 -0.0217700 -0.0416140 -0.0693790 -0.1072790 -0.1505720 -0.2032480 -0.2248430 
0.4385150 0.4099930 0.3785200 0.3537980 0.3455150 0.4038830 0.5545100 0.7119860 0.8309600 0.3529320 0.3717930 0.3884430 0.3976230 -0.0000020 0.0000090 -0.0000350 0.0001300 -0.0004840 0.0018060 -0.0063130 -0.0236900 -0.0480620 -0.0774760 -0.1098520 -0.1433100 -0.1751940 -0.2103510 -0.2228820 
0.4350920 0.3949550 0.3544830 0.3356850 0.3336530 0.3292540 0.3473100 0.4464280 0.6846200 0.3349880 0.3419980 0.3583100 0.3856980 -0.0000010 0.0000020 -0.0000090 0.0000320 -0.0001200 0.0004480 -0.0015710 -0.0081040 -0.0205500 -0.0404820 -0.0692960 -0.1089200 -0.1521170 -0.2039240 -0.2246630 
0.4396910 0.4081900 0.3662980 0.3258990 0.3101440 0.3162100 0.3655950 0.5048380 0.7490650 0.3179300 0.3408470 0.3689570 0.3920730 -0.0000030 0.0000120 -0.0000450 0.0001700 -0.0006330 0.0023630 -0.0082550 -0.0300870 -0.0593810 -0.0927790 -0.1266980 -0.1581080 -0.1852710 -0.2132330 -0.2220860 
0.4288390 0.3700160 0.3057020 0.2634140 0.2513690 0.4173120 0.6618340 0.7992230 0.8585910 0.2745870 0.3326840 0.3800630 0.3977640 -0.0000010 0.0000020 -0.0000070 0.0000270 -0.0001020 0.0003810 -0.0013430 -0.0090480 -0.0259790 -0.0549730 -0.0911560 -0.1301190 -0.1673250 -0.2085900 -0.2233880 
0.4197710 0.3499710 0.2909820 0.2531090 0.2418980 0.3236250 0.5221520 0.7051590 0.8309770 0.2545520 0.2932630 0.3432150 0.3853670 -0.0000070 0.0000250 -0.0000930 0.0003480 -0.0012970 0.0048410 -0.0169010 -0.0560180 -0.0999870 -0.1364270 -0.1654660 -0.1877800 -0.2038980 -0.2178860 -0.2207720 
0.4288820 0.3767790 0.3308120 0.3016740 0.2931290 0.3635640 0.5317140 0.7015190 0.8285470 0.3219290 0.3702070 0.3934250 0.3998910 -0.0000030 0.0000130 -0.0000480 0.0001780 -0.0006640 0.0024800 -0.0086640 -0.0316160 -0.0624770 -0.0977310 -0.1337470 -0.1669730 -0.1936590 -0.2164970 -0.2212310 
0.4413200 0.4097420 0.3565050 0.3008660 0.2797070 0.4103490 0.6341130 0.7778410 0.8519470 0.2936000 0.3320490 0.3736410 0.3972700 -0.0000010 0.0000030 -0.0000110 0.0000410 -0.0001530 0.0005710 -0.0019980 -0.0089760 -0.0209670 -0.0387000 -0.0629190 -0.0941830 -0.1337750 -0.1956560 -0.2267790 
0.4367850 0.4005650 0.3623120 0.3411800 0.3372090 0.3447540 0.4049640 0.5697200 0.7830280 0.3451830 0.3647720 0.3831680 0.3959890 -0.0000020 0.0000080 -0.0000300 0.0001130 -0.0004230 0.0015780 -0.0055150 -0.0208750 -0.0426850 -0.0693990 -0.0993790 -0.1310850 -0.1626840 -0.2036460 -0.2246760 
0.4347220 0.3903790 0.3369890 0.2945650 0.2809130 0.3227490 0.4518360 0.6264960 0.8002980 0.2971390 0.3389810 0.3766320 0.3956320 -0.0000000 0.0000020 -0.0000060 0.0000220 -0.0000830 0.0003110 -0.0010930 -0.0060430 -0.0158850 -0.0320360 -0.0560330 -0.0888670 -0.1335850 -0.1969760 -0.2264790 
0.4394720 0.4066890 0.3616250 0.3164270 0.2986560 0.3978830 0.6334940 0.8017790 0.8623700 0.3071010 0.3321680 0.3637280 0.3906080 -0.0000030 0.0000100 -0.0000380 0.0001430 -0.0005350 0.0019960 -0.0069770 -0.0259430 -0.0521880 -0.0833350 -0.1168700 -0.1499830 -0.1798900 -0.2117680 -0.2224930 
0.4300680 0.3723370 0.3031280 0.2484020 0.2303140 0.2944450 0.4758650 0.6824670 0.8275350 0.2441970 0.2862980 0.3397920 0.3845330 -0.0000030 0.0000100 -0.0000390 0.0001450 -0.0005420 0.0020230 -0.0070690 -0.0262170 -0.0526200 -0.0837940 -0.1171840 -0.1501910 -0.1800040 -0.2117890 -0.2224870 
0.4254090 0.3734020 0.3347760 0.3125230 0.3064800 0.3329340 0.4311430 0.6023650 0.7944970 0.3154500 0.3409300 0.3702580 0.3926420 -0.0000040 0.0000160 -0.0000600 0.0002240 -0.0008380 0.0031260 -0.0109190 -0.0388280 -0.0747760 -0.1134380 -0.1491610 -0.1771200 -0.1980280 -0.2167830 -0.2211020 
0.4177470 0.3614020 0.3282270 0.3133790 0.3103630 0.3396620 0.4393380 0.5961020 0.7856920 0.3189570 0.3435870 0.3724570 0.3938420 -0.0000010 0.0000040 -0.0000140 0.0000520 -0.0001960 0.0007300 -0.0025560 -0.0111720 -0.0255950 -0.0465350 -0.0744120 -0.1105740 -0.1524500 -0.2036190 -0.2247350 
0.4389710 0.4016140 0.3501600 0.3057810 0.2902190 0.4284360 0.6798840 0.8153420 0.8638580 0.2950910 0.3123850 0.3411180 0.3796730 -0.0000020 0.0000090 -0.0000350 0.0001290 -0.0004810 0.0017970 -0.0062790 -0.0235870 -0.0478990 -0.0772970 -0.1097250 -0.1433740 -0.1752960 -0.2104060 -0.2228680 
0.4229090 0.3716450 0.3270460 0.2963890 0.2868820 0.3657690 0.5696330 0.7542030 0.8481800 0.2924350 0.3112810 0.3408220 0.3784000 -0.0000080 0.0000280 -0.0001060 0.0003970 -0.0014800 0.0055240 -0.0192820 -0.0630440 -0.1104130 -0.1472730 -0.1751780 -0.1952080 -0.2085680 -0.2190530 -0.2204430 
0.4466620 0.4327790 0.4055390 0.3639290 0.3421660 0.4180660 0.6111480 0.7779120 0.8545410 0.3440790 0.3528560 0.3710420 0.3918470 -0.0000010 0.0000040 -0.0000160 0.0000600 -0.0002240 0.0008370 -0.0029290 -0.0126820 -0.0289030 -0.0521590 -0.0833620 -0.1218820 -0.1611120 -0.2065820 -0.2239310 
0.4233540 0.3638930 0.3166190 0.2878540 0.2796780 0.2885900 0.3621840 0.5558510 0.7814470 0.2883570 0.3173580 0.3559050 0.3886150 -0.0000030 0.0000130 -0.0000490 0.0001820 -0.0006780 0.0025310 -0.0088420 -0.0321170 -0.0631870 -0.0983110 -0.1337250 -0.1653830 -0.1905380 -0.2148960 -0.2216310 
0.4445190 0.4245900 0.3905000 0.3457020 0.3250920 0.4143120 0.6208900 0.7739730 0.8514920 0.3312560 0.3495560 0.3726180 0.3927580 -0.0000040 0.0000170 -0.0000620 0.0002320 -0.0008640 0.0032250 -0.0112660 -0.0396620 -0.0755800 -0.1131920 -0.1461510 -0.1736050 -0.1952690 -0.2158510 -0.2213530 
0.4420820 0.4180960 0.3867110 0.3586590 0.3486050 0.3990590 0.5411370 0.7029150 0.8282980 0.3490340 0.3527870 0.3636060 0.3850990 -0.0000020 0.0000080 -0.0000320 0.0001180 -0.0004400 0.0016410 -0.0057350 -0.0216390 -0.0441230 -0.0715170 -0.1020620 -0.1340770 -0.1656530 -0.2057460 -0.2241080 
0.4379610 0.3988630 0.3435830 0.2943010 0.2767650 0.3127180 0.4276490 0.5925940 0.7778710 0.2869710 0.3175510 0.3562790 0.3887580 -0.0000030 0.0000110 -0.0000410 0.0001530 -0.0005720 0.0021340 -0.0074570 -0.0274790 -0.0548150 -0.0866920 -0.1202060 -0.1526880 -0.1816570 -0.2122390 -0.2223620 
0.4154960 0.3418560 0.2963400 0.2784790 0.2756200 0.3300610 0.4875990 0.6761030 0.8235550 0.2817160 0.3024910 0.3352440 0.3770650 -0.0000030 0.0000110 -0.0000390 0.0001470 -0.0005490 0.0020480 -0.0071560 -0.0264950 -0.0530910 -0.0843920 -0.1177590 -0.1505730 -0.1802180 -0.2118310 -0.2224740 
0.4440030 0.4214240 0.3813580 0.3349780 0.3164790 0.3674400 0.5141580 0.6878430 0.8244050 0.3196400 0.3350230 0.3631290 0.3901050 -0.0000050 0.0000200 -0.0000760 0.0002830 -0.0010550 0.0039370 -0.0137510 -0.0479870 -0.0905670 -0.1340830 -0.1700150 -0.1939730 -0.2090630 -0.2197280 -0.2202820 
0.4406800 0.4091680 0.3600240 0.2983670 0.2661040 0.3855410 0.6094560 0.7633530 0.8479800 0.2853650 0.3292880 0.3672310 0.3923850 -0.0000030 0.0000120 -0.0000440 0.0001640 -0.0006110 0.0022790 -0.0079620 -0.0292300 -0.0581000 -0.0915030 -0.1262670 -0.1592750 -0.1872910 -0.2142630 -0.2218260 
0.4323730 0.3844200 0.3315390 0.2905700 0.2769430 0.3517260 0.5235600 0.6971280 0.8274070 0.2888410 0.3218170 0.3596820 0.3898280 -0.0000040 0.0000150 -0.0000560 0.0002090 -0.0007810 0.0029160 -0.0101870 -0.0360660 -0.0692150 -0.1043080 -0.1368300 -0.1658960 -0.1901560 -0.2144560 -0.2217400 
0.4239060 0.3639790 0.3108600 0.2748170 0.2637330 0.3205760 0.4827410 0.6716830 0.8202330 0.2786420 0.3175180 0.3585740 0.3897440 -0.0000020 0.0000060 -0.0000210 0.0000790 -0.0002960 0.0011050 -0.0038630 -0.0152290 -0.0322640 -0.0544520 -0.0811810 -0.1120060 -0.1459110 -0.1966970 -0.2265480 
0.4485800 0.4370460 0.4045460 0.3440140 0.3107440 0.3252130 0.4239480 0.6163810 0.8018560 0.3203270 0.3453210 0.3722820 0.3930920 -0.0000000 0.0000000 -0.0000000 0.0000010 -0.0000030 0.0000100 -0.0000430 -0.0026400 -0.0099720 -0.0243100 -0.0478860 -0.0830120 -0.1317250 -0.1969640 -0.2265340 
0.4364040 0.3936400 0.3359370 0.2859240 0.2683470 0.3156100 0.4578320 0.6417470 0.8087020 0.2697270 0.2926160 0.3390420 0.3836370 -0.0000090 0.0000350 -0.0001320 0.0004940 -0.0018430 0.0068770 -0.0239850 -0.0718020 -0.1118200 -0.1447050 -0.1709390 -0.1910510 -0.2055570 -0.2181210 -0.2206970 
0.4462870 0.4280620 0.3874190 0.3212040 0.2872980 0.3428830 0.5016200 0.6862370 0.8252450 0.3030880 0.3444630 0.3831030 0.3984650 -0.0000030 0.0000100 -0.0000360 0.0001340 -0.0005020 0.0018720 -0.0065420 -0.0244060 -0.0492540 -0.0789230 -0.1111710 -0.1437590 -0.1745200 -0.2098140 -0.2230100 
0.4277170 0.3716080 0.3200930 0.2863360 0.2761980 0.3441770 0.5287040 0.7190440 0.8370440 0.2854860 0.3143130 0.3532550 0.3877520 -0.0000000 0.0000000 -0.0000000 0.0000020 -0.0000070 0.0000250 -0.0000920 -0.0024680 -0.0089600 -0.0214890 -0.0419770 -0.0722750 -0.1145220 -0.1881850 -0.2287680 
0.4308350 0.3822480 0.3407600 0.3223470 0.3188430 0.4048630 0.6191270 0.7922960 0.8600020 0.3285580 0.3550600 0.3827210 0.3974380 -0.0000060 0.0000240 -0.0000900 0.0003370 -0.0012560 0.0046880 -0.0163670 -0.0545600 -0.0982160 -0.1351470 -0.1644840 -0.1871310 -0.2035290 -0.2178130 -0.2207940 
0.4336730 0.3868750 0.3320060 0.2909850 0.2783740 0.3188390 0.4447120 0.6174210 0.7950740 0.2801730 0.2937290 0.3304790 0.3796650 -0.0000000 0.0000000 -0.0000010 0.0000020 -0.0000080 0.0000290 -0.0001070 -0.0024460 -0.0087620 -0.0209140 -0.0406820 -0.0700800 -0.1102610 -0.1840300 -0.2299210 
0.4286040 0.3676920 0.2973310 0.2469570 0.2326340 0.3310270 0.5603890 0.7404890 0.8426420 0.2578210 0.3191760 0.3684490 0.3938330 -0.0000050 0.0000170 -0.0000650 0.0002410 -0.0008990 0.0033560 -0.0117240 -0.0415170 -0.0796250 -0.1201260 -0.1569700 -0.1841360 -0.2028510 -0.2181850 -0.2207160 
0.4441130 0.4164400 0.3565780 0.2750990 0.2404210 0.2830950 0.4186950 0.6112770 0.7995600 0.2440950 0.2635800 0.3091460 0.3728000 -0.0000110 0.0000400 -0.0001500 0.0005620 -0.0020960 0.0078210 -0.0272790 -0.0847950 -0.1356310 -0.1708430 -0.1950570 -0.2098200 -0.2175020 -0.2211700 -0.2198400 
0.4368640 0.3965400 0.3454590 0.3028880 0.2881950 0.3712030 0.5479630 0.7133330 0.8321330 0.2948170 0.3180880 0.3541570 0.3877990 0.0000000 -0.0000010 0.0000030 -0.0000090 0.0000350 -0.0001310 0.0004370 -0.0042550 -0.0208290 -0.0505130 -0.0875380 -0.1275420 -0.1657840 -0.2082420 -0.2234880 
0.4233320 0.3601080 0.3139940 0.2947280 0.2912520 0.3151490 0.4183420 0.6089960 0.7992000 0.2979500 0.3215920 0.3569000 0.3886560 -0.0000020 0.0000070 -0.0000250 0.0000930 -0.0003480 0.0012980 -0.0045390 -0.0178640 -0.0377890 -0.0636910 -0.0947730 -0.1306750 -0.1667670 -0.2080280 -0.2235270 
0.4355690 0.3899080 0.3256010 0.2642680 0.2416570 0.3082860 0.4916300 0.6883320 0.8267040 0.2562370 0.2983150 0.3483780 0.3873210 -0.0000010 0.0000040 -0.0000160 0.0000590 -0.0002210 0.0008260 -0.0028920 -0.0121510 -0.0270780 -0.0479560 -0.0750910 -0.1085450 -0.1493260 -0.2021860 -0.2250920 
0.4333200 0.3860490 0.3319930 0.2949200 0.2868780 0.4629600 0.7263940 0.8442310 0.8720110 0.2880410 0.2977600 0.3253910 0.3748710 -0.0000030 0.0000110 -0.0000410 0.0001520 -0.0005660 0.0021110 -0.0073770 -0.0272440 -0.0544590 -0.0863260 -0.1200580 -0.1528970 -0.1820540 -0.2124460 -0.2223100 
0.4468400 0.4245490 0.3653430 0.2850680 0.2516560 0.2805460 0.3849250 0.5621310 0.7789160 0.2699530 0.3198070 0.3716630 0.3975650 -0.0000020 0.0000090 -0.0000350 0.0001300 -0.0004850 0.0018090 -0.0063240 -0.0237710 -0.0483080 -0.0780020 -0.1108700 -0.1448320 -0.1764040 -0.2107850 -0.2227650 
0.4295150 0.3853650 0.3516300 0.3316820 0.3261440 0.4144950 0.6250380 0.7829600 0.8549910 0.3286370 0.3396390 0.3621270 0.3891630 -0.0000030 0.0000130 -0.0000480 0.0001790 -0.0006670 0.0024880 -0.0086920 -0.0313670 -0.0613340 -0.0946790 -0.1277130 -0.1586450 -0.1854860 -0.2132370 -0.2220820 
0.4399380 0.4056300 0.3517070 0.2953720 0.2738080 0.4102930 0.6432240 0.7858480 0.8545510 0.2775800 0.2937080 0.3261350 0.3754340 -0.0000020 0.0000060 -0.0000220 0.0000820 -0.0003060 0.0011440 -0.0040000 -0.0158850 -0.0338600 -0.0574800 -0.0862830 -0.1196640 -0.1576040 -0.2047950 -0.2243860 
0.4384250 0.4053240 0.3667130 0.3377040 0.3284480 0.3236880 0.3420490 0.4449230 0.6915360 0.3460720 0.3737120 0.3903200 0.3982410 -0.0000040 0.0000160 -0.0000600 0.0002220 -0.0008290 0.0030960 -0.0108150 -0.0388970 -0.0757800 -0.1165650 -0.1561680 -0.1897730 -0.2116790 -0.2224300 -0.2196470 
0.4283840 0.3717830 0.3106240 0.2634010 0.2477210 0.3440190 0.5400590 0.7130550 0.8327320 0.2560200 0.2849510 0.3316980 0.3810600 -0.0000050 0.0000170 -0.0000640 0.0002370 -0.0008860 0.0033070 -0.0115510 -0.0408570 -0.0782350 -0.1178970 -0.1534630 -0.1804630 -0.2001730 -0.2173340 -0.2209480 
0.4370160 0.4018600 0.3658720 0.3480440 0.3455120 0.4285410 0.5942100 0.7391840 0.8390080 0.3490870 0.3603180 0.3759930 0.3926540 -0.0000060 0.0000220 -0.0000830 0.0003090 -0.0011540 0.0043060 -0.0150380 -0.0520240 -0.0972420 -0.1422660 -0.1769870 -0.1991680 -0.2122640 -0.2204990 -0.2200620 
0.4324200 0.3841650 0.3330130 0.3023600 0.2946140 0.2949990 0.3282910 0.4491380 0.7059670 0.3043610 0.3325100 0.3660430 0.3919760 -0.0000030 0.0000120 -0.0000430 0.0001620 -0.0006040 0.0022550 -0.0078810 -0.0288640 -0.0572360 -0.0899160 -0.1236310 -0.1555400 -0.1835570 -0.2127610 -0.2222170 
0.4473540 0.4267780 0.3772980 0.3243450 0.3041400 0.3450540 0.4701960 0.6369190 0.8011810 0.3102650 0.3295760 0.3566740 0.3860250 -0.0000100 0.0000360 -0.0001360 0.0005070 -0.0018910 0.0070560 -0.0246150 -0.0777930 -0.1280120 -0.1636290 -0.1890070 -0.2053700 -0.2147840 -0.2205270 -0.2200230 
0.4240760 0.3531190 0.2784330 0.2376840 0.2302740 0.2536850 0.3624410 0.5740550 0.7893060 0.2491110 0.2964300 0.3473840 0.3868660 -0.0000020 0.0000070 -0.0000260 0.0000960 -0.0003570 0.0013330 -0.0046610 -0.0189410 -0.0410640 -0.0710900 -0.1057180 -0.1413340 -0.1744070 -0.2103750 -0.2228850 
0.4252700 0.3737660 0.3289720 0.2983970 0.2889580 0.3112260 0.3945900 0.5419900 0.7531630 0.3045610 0.3435680 0.3768990 0.3952390 -0.0000010 0.0000040 -0.0000140 0.0000530 -0.0001960 0.0007330 -0.0025650 -0.0110350 -0.0250170 -0.0449930 -0.0714920 -0.1047040 -0.1461300 -0.2011050 -0.2253780 
0.4461530 0.4065170 0.3327020 0.2633680 0.2381520 0.2890140 0.4408150 0.6340860 0.8066060 0.2515160 0.2919080 0.3428790 0.3853460 -0.0000020 0.0000090 -0.0000350 0.0001300 -0.0004840 0.0018050 -0.0063070 -0.0236020 -0.0477630 -0.0767710 -0.1085240 -0.1409490 -0.1719320 -0.2087010 -0.2233080 
0.4328290 0.3923070 0.3609450 0.3442430 0.3400330 0.3546520 0.4268410 0.5869770 0.7881670 0.3418330 0.3537870 0.3743100 0.3931910 -0.0000030 0.0000120 -0.0000430 0.0001610 -0.0006010 0.0022450 -0.0078440 -0.0287930 -0.0572270 -0.0901150 -0.1243560 -0.1567810 -0.1845830 -0.2131420 -0.2221150 
0.4465010 0.4315540 0.4015300 0.3562690 0.3340680 0.3905000 0.5476530 0.7202160 0.8360610 0.3463370 0.3720910 0.3894200 0.3980030 -0.0000000 0.0000010 -0.0000030 0.0000100 -0.0000360 0.0001350 -0.0004790 -0.0043550 -0.0135670 -0.0304060 -0.0566980 -0.0959150 -0.1427830 -0.2009910 -0.2254670 
0.4352370 0.3875790 0.3210520 0.2623410 0.2415410 0.3881050 0.6696390 0.8192230 0.8664530 0.2714330 0.3242330 0.3657410 0.3922050 -0.0000010 0.0000020 -0.0000070 0.0000260 -0.0000980 0.0003670 -0.0012920 -0.0081150 -0.0223650 -0.0471550 -0.0827250 -0.1228720 -0.1624500 -0.2072210 -0.2237670 
0.4360710 0.3902580 0.3221170 0.2557480 0.2311540 0.2427280 0.3436510 0.5651180 0.7871860 0.2461460 0.2898080 0.3427560 0.3856200 -0.0000040 0.0000140 -0.0000540 0.0002010 -0.0007490 0.0027950 -0.0097630 -0.0344220 -0.0657670 -0.0985980 -0.1309050 -0.1609330 -0.1868590 -0.2135500 -0.2219920 
0.4495190 0.4403820 0.4099460 0.3472120 0.3078780 0.3493490 0.4779630 0.6528900 0.8124580 0.3098700 0.3275970 0.3595200 0.3892330 -0.0000030 0.0000120 -0.0000460 0.0001710 -0.0006400 0.0023870 -0.0083420 -0.0305270 -0.0604910 -0.0949270 -0.1304280 -0.1636220 -0.1910910 -0.2157240 -0.2214370 
0.4340150 0.3922850 0.3537230 0.3368680 0.3341250 0.3945690 0.5507920 0.7114990 0.8310900 0.3365900 0.3458140 0.3621130 0.3857090 -0.0000030 0.0000110 -0.0000410 0.0001530 -0.0005720 0.0021340 -0.0074560 -0.0275060 -0.0549300 -0.0869780 -0.1208040 -0.1536080 -0.1825030 -0.2125570 -0.2222780 
0.4509480 0.4444400 0.4133660 0.3414880 0.2912900 0.3061430 0.4159920 0.6154810 0.8021940 0.2981020 0.3197030 0.3503060 0.3839300 -0.0000060 0.0000240 -0.0000890 0.0003320 -0.0012380 0.0046210 -0.0161370 -0.0547040 -0.1003630 -0.1419890 -0.1723330 -0.1940630 -0.2082650 -0.2191730 -0.2204180 
0.4326270 0.3848010 0.3337360 0.3061000 0.3035490 0.3520960 0.4952750 0.6725910 0.8194620 0.3052270 0.3180950 0.3502630 0.3861270 -0.0000030 0.0000130 -0.0000470 0.0001770 -0.0006600 0.0024650 -0.0086100 -0.0309370 -0.0602530 -0.0925160 -0.1253520 -0.1566220 -0.1841230 -0.2128540 -0.2221880 
0.4268890 0.3679690 0.3162210 0.2896040 0.2832520 0.3722900 0.5555660 0.7195870 0.8341220 0.2875150 0.3059910 0.3426660 0.3839200 -0.0000000 0.0000010 -0.0000040 0.0000150 -0.0000580 0.0002160 -0.0007620 -0.0056570 -0.0167500 -0.0362010 -0.0670350 -0.1085680 -0.1523510 -0.2042240 -0.2245870 
0.4258620 0.3761210 0.3328290 0.3032260 0.2940760 0.3461530 0.4969120 0.6774590 0.8215120 0.3046990 0.3344330 0.3676000 0.3920960 -0.0000040 0.0000150 -0.0000570 0.0002120 -0.0007910 0.0029530 -0.0103160 -0.0367720 -0.0709590 -0.1079940 -0.1423350 -0.1709290 -0.1937250 -0.2155190 -0.2214500 
0.4350600 0.3922700 0.3421790 0.3049420 0.2936470 0.3168300 0.4017030 0.5480390 0.7536860 0.3022300 0.3281890 0.3616490 0.3900920 -0.0000040 0.0000150 -0.0000560 0.0002090 -0.0007810 0.0029130 -0.0101770 -0.0363530 -0.0703120 -0.1072820 -0.1419760 -0.1707870 -0.1936930 -0.2155370 -0.2214460 
0.4354670 0.3889320 0.3224700 0.2599510 0.2371290 0.2675920 0.3768840 0.5608820 0.7798870 0.2406840 0.2714800 0.3279320 0.3807980 -0.0000060 0.0000220 -0.0000810 0.0003010 -0.0011240 0.0041930 -0.0146440 -0.0504470 -0.0939300 -0.1365100 -0.1688860 -0.1919100 -0.2071660 -0.2190030 -0.2204720 
0.4291030 0.3769520 0.3326980 0.3087340 0.3026130 0.3076870 0.3527840 0.4833220 0.7310030 0.3173490 0.3536500 0.3829390 0.3969200 -0.0000030 0.0000110 -0.0000420 0.0001570 -0.0005850 0.0021820 -0.0076240 -0.0280500 -0.0558730 -0.0882030 -0.1220870 -0.1544970 -0.1829320 -0.2126260 -0.2222550 
0.4196050 0.3538600 0.2940930 0.2520840 0.2388700 0.3061910 0.4909130 0.6880170 0.8266060 0.2578140 0.3098270 0.3649990 0.3951750 -0.0000100 0.0000380 -0.0001420 0.0005290 -0.0019750 0.0073690 -0.0257020 -0.0794880 -0.1263070 -0.1606130 -0.1856480 -0.2025050 -0.2128510 -0.2199850 -0.2201730 
0.4237990 0.3621850 0.3118940 0.2817390 0.2732680 0.3239320 0.4739730 0.6609520 0.8164100 0.2814100 0.3084120 0.3485200 0.3862550 -0.0000040 0.0000140 -0.0000530 0.0001980 -0.0007390 0.0027580 -0.0096370 -0.0347720 -0.0679700 -0.1049370 -0.1413750 -0.1726130 -0.1956230 -0.2164260 -0.2212110 
0.4481080 0.4353560 0.4018600 0.3538630 0.3333330 0.3829070 0.5261420 0.6969770 0.8294100 0.3345240 0.3409870 0.3563160 0.3835490 -0.0000010 0.0000030 -0.0000120 0.0000440 -0.0001630 0.0006060 -0.0021230 -0.0093170 -0.0214120 -0.0390020 -0.0625900 -0.0928740 -0.1298720 -0.1915390 -0.2279140 
0.4399570 0.4006720 0.3332140 0.2675030 0.2432620 0.2612120 0.3539380 0.5565180 0.7824640 0.2751230 0.3377210 0.3772740 0.3959220 -0.0000010 0.0000050 -0.0000200 0.0000740 -0.0002770 0.0010320 -0.0036110 -0.0145790 -0.0314970 -0.0541800 -0.0824350 -0.1159150 -0.1548930 -0.2039580 -0.2246140 
0.4153000 0.3367970 0.2762020 0.2413410 0.2318860 0.3291480 0.5759880 0.7853020 0.8618770 0.2454440 0.2858620 0.3372070 0.3830280 -0.0000050 0.0000190 -0.0000690 0.0002590 -0.0009680 0.0036120 -0.0126140 -0.0433780 -0.0809010 -0.1169150 -0.1481040 -0.1745660 -0.1956150 -0.2158280 -0.2213530 
0.4198850 0.3507380 0.2991460 0.2719790 0.2652100 0.3314920 0.5161130 0.7189350 0.8436360 0.2907630 0.3429720 0.3780060 0.3957580 -0.0000040 0.0000150 -0.0000550 0.0002070 -0.0007710 0.0028780 -0.0100540 -0.0358980 -0.0693930 -0.1058390 -0.1398830 -0.1688320 -0.1923050 -0.2151200 -0.2215600 
0.4311460 0.3767400 0.3114950 0.2584670 0.2403890 0.3031120 0.4777140 0.6723760 0.8209740 0.2527010 0.2897460 0.3376430 0.3822540 -0.0000010 0.0000060 -0.0000210 0.0000770 -0.0002880 0.0010760 -0.0037620 -0.0149510 -0.0318880 -0.0541670 -0.0813410 -0.1129360 -0.1486300 -0.2004710 -0.2254980 
0.4255270 0.3642520 0.3118900 0.2834240 0.2761290 0.3005650 0.3974180 0.5779230 0.7870380 0.2810070 0.2989020 0.3298320 0.3736580 -0.0000040 0.0000140 -0.0000520 0.0001930 -0.0007220 0.0026930 -0.0094070 -0.0337140 -0.0654370 -0.1002400 -0.1334480 -0.1633570 -0.1885970 -0.2140790 -0.2218480 
0.4313790 0.3822350 0.3353640 0.3155460 0.3131430 0.3273470 0.4129010 0.6003740 0.7960000 0.3157030 0.3324080 0.3621780 0.3899350 -0.0000110 0.0000410 -0.0001510 0.0005650 -0.0021100 0.0078750 -0.0274620 -0.0839630 -0.1313740 -0.1656120 -0.1899220 -0.2056940 -0.2148190 -0.2204600 -0.2200380 
0.4271850 0.3736160 0.3284550 0.2999490 0.2916150 0.3887310 0.5993740 0.7565180 0.8459670 0.3040030 0.3374990 0.3718030 0.3936690 -0.0000010 0.0000050 -0.0000170 0.0000650 -0.0002410 0.0009000 -0.0031470 -0.0128030 -0.0278250 -0.0481570 -0.0736530 -0.1043420 -0.1396480 -0.1951000 -0.2269660 
0.4287810 0.3742990 0.3225790 0.2879670 0.2774220 0.4044090 0.6323830 0.7783620 0.8523280 0.2851250 0.3098570 0.3456030 0.3841440 -0.0000030 0.0000120 -0.0000450 0.0001680 -0.0006290 0.0023460 -0.0081980 -0.0299170 -0.0591190 -0.0924850 -0.1265510 -0.1580760 -0.1852800 -0.2132500 -0.2220820 
0.4467120 0.4224930 0.3705850 0.3185830 0.2991960 0.3605020 0.5192530 0.6916270 0.8254400 0.3026520 0.3178490 0.3487450 0.3853950 -0.0000030 0.0000130 -0.0000480 0.0001800 -0.0006710 0.0025060 -0.0087560 -0.0318340 -0.0626910 -0.0976530 -0.1330090 -0.1648260 -0.1901910 -0.2148090 -0.2216560 
0.4359110 0.3924060 0.3334640 0.2736760 0.2480440 0.2927020 0.4317400 0.6226800 0.8033660 0.2518070 0.2711130 0.3153020 0.3749370 -0.0000050 0.0000190 -0.0000710 0.0002660 -0.0009920 0.0037010 -0.0129260 -0.0454840 -0.0866660 -0.1296620 -0.1675900 -0.1933560 -0.2090980 -0.2199560 -0.2202260 
0.4437600 0.4226330 0.3896220 0.3482500 0.3270670 0.3715180 0.5064980 0.6776780 0.8206220 0.3336650 0.3525710 0.3752410 0.3937010 -0.0000050 0.0000200 -0.0000730 0.0002740 -0.0010220 0.0038120 -0.0133080 -0.0446630 -0.0799540 -0.1130010 -0.1436320 -0.1705860 -0.1928930 -0.2150420 -0.2215700 
0.4281200 0.3675160 0.3018310 0.2638740 0.2580890 0.3115440 0.4678930 0.6590480 0.8161470 0.2691060 0.3027580 0.3472060 0.3862050 -0.0000030 0.0000090 -0.0000350 0.0001310 -0.0004890 0.0018260 -0.0063820 -0.0238600 -0.0482500 -0.0774860 -0.1094310 -0.1419500 -0.1729640 -0.2092310 -0.2231650 
0.4293220 0.3715720 0.3077260 0.2672210 0.2575450 0.3385470 0.5509590 0.7502330 0.8488320 0.2607170 0.2811840 0.3287540 0.3802650 -0.0000010 0.0000050 -0.0000200 0.0000750 -0.0002790 0.0010420 -0.0036440 -0.0147460 -0.0319110 -0.0550120 -0.0837830 -0.1182800 -0.1573860 -0.2049290 -0.2243660 
0.4412130 0.4141810 0.3802840 0.3521690 0.3424880 0.3769070 0.4846110 0.6338830 0.7927580 0.3494960 0.3682250 0.3867630 0.3972990 -0.0000000 0.0000010 -0.0000050 0.0000190 -0.0000700 0.0002600 -0.0009180 -0.0065860 -0.0192320 -0.0413960 -0.0759120 -0.1169870 -0.1584330 -0.2060800 -0.2240820 
0.4442340 0.4223440 0.3830450 0.3256230 0.2924810 0.3660530 0.5588130 0.7407250 0.8432600 0.2952680 0.3074990 0.3326260 0.3738430 -0.0000050 0.0000190 -0.0000720 0.0002690 -0.0010030 0.0037430 -0.0130730 -0.0459880 -0.0876100 -0.1310230 -0.1693260 -0.1950840 -0.2103240 -0.2203340 -0.2201220 
0.4472130 0.4213220 0.3631860 0.3044610 0.2825020 0.2990810 0.3833890 0.5694650 0.7851910 0.2887230 0.3141830 0.3530130 0.3876640 -0.0000010 0.0000040 -0.0000130 0.0000500 -0.0001870 0.0006960 -0.0024390 -0.0115870 -0.0279740 -0.0532730 -0.0881180 -0.1270090 -0.1650440 -0.2078690 -0.2235840 
0.4297160 0.3753440 0.3178570 0.2749390 0.2609490 0.4117790 0.6515550 0.7921150 0.8564790 0.2833270 0.3374060 0.3786620 0.3965660 -0.0000000 0.0000020 -0.0000060 0.0000240 -0.0000900 0.0003350 -0.0011770 -0.0065540 -0.0172590 -0.0349470 -0.0609680 -0.0977010 -0.1433350 -0.2008530 -0.2254930 
0.4378120 0.4039560 0.3665470 0.3384730 0.3293030 0.3911780 0.5561060 0.7222460 0.8352520 0.3310010 0.3399000 0.3605210 0.3883310 -0.0000020 0.0000090 -0.0000330 0.0001240 -0.0004630 0.0017300 -0.0060450 -0.0227060 -0.0461100 -0.0743990 -0.1056330 -0.1379170 -0.1692570 -0.2075990 -0.2236040 
0.4483660 0.4282750 0.3822490 0.3358550 0.3185210 0.3541730 0.4719750 0.6462970 0.8102690 0.3293430 0.3574170 0.3831450 0.3967100 -0.0000040 0.0000150 -0.0000550 0.0002040 -0.0007600 0.0028370 -0.0099120 -0.0358720 -0.0703190 -0.1089550 -0.1473680 -0.1811760 -0.2059890 -0.2212290 -0.2199700 
0.4322280 0.3844140 0.3335900 0.2955350 0.2831100 0.3569380 0.5513510 0.7370750 0.8424450 0.2926400 0.3209170 0.3565150 0.3879690 -0.0000040 0.0000170 -0.0000620 0.0002320 -0.0008650 0.0032270 -0.0112730 -0.0403080 -0.0780730 -0.1192280 -0.1583100 -0.1898940 -0.2085260 -0.2205320 -0.2201000 
0.4495150 0.4424130 0.4195660 0.3747130 0.3496360 0.3527250 0.3911060 0.5111680 0.7428470 0.3509750 0.3588490 0.3758180 0.3933770 -0.0000050 0.0000170 -0.0000630 0.0002340 -0.0008730 0.0032600 -0.0113850 -0.0399950 -0.0760630 -0.1135600 -0.1462430 -0.1736030 -0.1952270 -0.2158250 -0.2213590 
0.4460370 0.4186940 0.3748350 0.3353700 0.3212710 0.3218320 0.3524150 0.4619260 0.6981710 0.3291370 0.3513100 0.3763600 0.3943730 -0.0000030 0.0000130 -0.0000470 0.0001740 -0.0006510 0.0024300 -0.0084900 -0.0308750 -0.0608090 -0.0947570 -0.1290320 -0.1601850 -0.1866970 -0.2136460 -0.2219720 
0.4439930 0.4202300 0.3827610 0.3486640 0.3364250 0.3583650 0.4614090 0.6406000 0.8088300 0.3470770 0.3729110 0.3922700 0.3991800 -0.0000020 0.0000080 -0.0000280 0.0001060 -0.0003970 0.0014810 -0.0051770 -0.0198420 -0.0410360 -0.0675280 -0.0980430 -0.1312330 -0.1660900 -0.2074400 -0.2236680 
0.4499050 0.4418500 0.4126210 0.3508270 0.3122000 0.3645910 0.5151860 0.6928340 0.8277110 0.3212750 0.3465220 0.3742250 0.3938570 -0.0000020 0.0000070 -0.0000260 0.0000990 -0.0003680 0.0013730 -0.0048000 -0.0189150 -0.0400900 -0.0675800 -0.1010080 -0.1370700 -0.1714210 -0.2094960 -0.2231260 
0.4448250 0.4273700 0.4002350 0.3664060 0.3490430 0.3896470 0.5119520 0.6703910 0.8157610 0.3518370 0.3613410 0.3762820 0.3931650 -0.0000020 0.0000070 -0.0000270 0.0000990 -0.0003700 0.0013820 -0.0048370 -0.0198150 -0.0437450 -0.0747690 -0.1093340 -0.1442760 -0.1763280 -0.2108890 -0.2227420 
0.4385930 0.4016590 0.3475840 0.2850450 0.2533370 0.2834660 0.3866620 0.5504550 0.7600590 0.2639600 0.2963810 0.3394090 0.3817080 -0.0000010 0.0000020 -0.0000090 0.0000330 -0.0001240 0.0004640 -0.0016250 -0.0077370 -0.0187600 -0.0356800 -0.0595430 -0.0910520 -0.1322290 -0.1955940 -0.2268020 
0.4435780 0.4209250 0.3880600 0.3590420 0.3487600 0.3649920 0.4329500 0.5671030 0.7690830 0.3552950 0.3726020 0.3892920 0.3980030 -0.0000000 0.0000020 -0.0000060 0.0000230 -0.0000860 0.0003210 -0.0011350 -0.0084340 -0.0250670 -0.0540110 -0.0902920 -0.1294550 -0.1669070 -0.2084860 -0.2234180 
0.4466310 0.4290750 0.3889780 0.3390740 0.3188990 0.3902020 0.5808570 0.7695130 0.8571730 0.3373080 0.3691020 0.3885680 0.3979100 -0.0000040 0.0000160 -0.0000590 0.0002210 -0.0008260 0.0030830 -0.0107710 -0.0386660 -0.0751860 -0.1153870 -0.1541320 -0.1865770 -0.2069050 -0.2202130 -0.2202040 
0.4418540 0.4117100 0.3603810 0.3076450 0.2877550 0.3051780 0.3840970 0.5502350 0.7745550 0.3098780 0.3577910 0.3873980 0.3984360 -0.0000070 0.0000250 -0.0000930 0.0003470 -0.0012940 0.0048280 -0.0168560 -0.0566780 -0.1031750 -0.1438990 -0.1735130 -0.1947250 -0.2085750 -0.2192030 -0.2204070 
0.4412630 0.4092480 0.3600240 0.3152880 0.2992380 0.3704090 0.5612780 0.7516940 0.8496640 0.3130380 0.3494860 0.3843270 0.3986260 -0.0000080 0.0000310 -0.0001140 0.0004260 -0.0015900 0.0059330 -0.0207030 -0.0664840 -0.1121990 -0.1472020 -0.1743890 -0.1942150 -0.2077860 -0.2187830 -0.2205150 
0.4288100 0.3727850 0.3190510 0.2925080 0.2870170 0.3957360 0.5956750 0.7482830 0.8427740 0.2932360 0.3138770 0.3452270 0.3825730 -0.0000020 0.0000070 -0.0000250 0.0000940 -0.0003510 0.0013090 -0.0045760 -0.0180530 -0.0382830 -0.0646190 -0.0965270 -0.1328130 -0.1683770 -0.2085710 -0.2233790 
0.4377750 0.3954020 0.3344410 0.2807210 0.2617020 0.2733170 0.3922490 0.6035740 0.7992490 0.2781880 0.3230510 0.3695780 0.3948230 -0.0000010 0.0000050 -0.0000190 0.0000720 -0.0002670 0.0009970 -0.0034890 -0.0146290 -0.0325910 -0.0575590 -0.0903920 -0.1282670 -0.1655690 -0.2078950 -0.2235710 
0.4407740 0.3974970 0.3327160 0.2755610 0.2553150 0.3161730 0.4886250 0.6857580 0.8270030 0.2709340 0.3141110 0.3606830 0.3911880 -0.0000040 0.0000150 -0.0000560 0.0002100 -0.0007840 0.0029240 -0.0102160 -0.0367480 -0.0716090 -0.1101570 -0.1476650 -0.1793290 -0.2007480 -0.2180960 -0.2207610 
0.4423970 0.4135520 0.3635140 0.3123470 0.2931000 0.3498280 0.5104800 0.6938840 0.8277820 0.3072650 0.3446770 0.3804390 0.3970510 0.0000000 -0.0000000 0.0000010 -0.0000050 0.0000180 -0.0000660 0.0002230 -0.0012970 -0.0066030 -0.0177430 -0.0366760 -0.0656540 -0.1058460 -0.1813210 -0.2306630 
0.4391240 0.4100390 0.3785150 0.3542780 0.3462490 0.3662880 0.4733280 0.6504090 0.8119510 0.3532080 0.3710240 0.3873020 0.3971960 -0.0000010 0.0000020 -0.0000080 0.0000290 -0.0001080 0.0004020 -0.0014110 -0.0073640 -0.0187710 -0.0371620 -0.0637140 -0.1007920 -0.1456890 -0.2016310 -0.2252830 
0.4326740 0.3923760 0.3633020 0.3499730 0.3471700 0.3724620 0.4712500 0.6415340 0.8083320 0.3531680 0.3696150 0.3869970 0.3973760 -0.0000040 0.0000140 -0.0000510 0.0001900 -0.0007090 0.0026450 -0.0092380 -0.0327710 -0.0628980 -0.0951890 -0.1277210 -0.1584190 -0.1852480 -0.2131320 -0.2221090 
0.4366560 0.4036820 0.3737180 0.3538060 0.3477680 0.4063280 0.5540420 0.7104560 0.8303480 0.3576250 0.3797290 0.3939980 0.3992710 -0.0000030 0.0000090 -0.0000350 0.0001310 -0.0004880 0.0018230 -0.0063700 -0.0239880 -0.0488340 -0.0789860 -0.1125420 -0.1464730 -0.1775950 -0.2111550 -0.2226640 
0.4445190 0.4254260 0.3946150 0.3621400 0.3496910 0.3894420 0.5169880 0.6825250 0.8217460 0.3506730 0.3558160 0.3677660 0.3883940 -0.0000010 0.0000020 -0.0000080 0.0000310 -0.0001150 0.0004280 -0.0014990 -0.0071690 -0.0174120 -0.0331970 -0.0553930 -0.0851190 -0.1225980 -0.1876570 -0.2289700 
0.4298010 0.3824690 0.3486790 0.3345550 0.3319980 0.3913400 0.5565340 0.7377600 0.8480830 0.3494310 0.3789510 0.3941970 0.3994270 -0.0000090 0.0000340 -0.0001260 0.0004700 -0.0017520 0.0065390 -0.0228090 -0.0688650 -0.1082360 -0.1410840 -0.1677900 -0.1886770 -0.2040820 -0.2177590 -0.2207990 
0.4493560 0.4359680 0.3909350 0.2974780 0.2379260 0.3153570 0.5183360 0.7130400 0.8348090 0.2455800 0.2741610 0.3240930 0.3787820 -0.0000040 0.0000160 -0.0000610 0.0002260 -0.0008440 0.0031510 -0.0110050 -0.0390300 -0.0749290 -0.1133150 -0.1480780 -0.1757450 -0.1969460 -0.2164090 -0.2212030 
0.4172600 0.3467800 0.3018700 0.2830810 0.2796660 0.3336160 0.4892980 0.6744910 0.8209480 0.2927030 0.3292290 0.3699080 0.3955380 -0.0000020 0.0000090 -0.0000330 0.0001240 -0.0004620 0.0017250 -0.0060280 -0.0226880 -0.0461600 -0.0746260 -0.1062230 -0.1389970 -0.1713990 -0.2090050 -0.2232350 
0.4426530 0.4199340 0.3890750 0.3592140 0.3479070 0.3971630 0.5361620 0.6976120 0.8264690 0.3503990 0.3599700 0.3766760 0.3936390 -0.0000060 0.0000210 -0.0000770 0.0002870 -0.0010720 0.0040010 -0.0139720 -0.0484380 -0.0907630 -0.1331600 -0.1665390 -0.1902790 -0.2062440 -0.2188110 -0.2205290 
0.4482990 0.4355310 0.4005030 0.3341970 0.2948600 0.4000350 0.6228360 0.7750500 0.8517770 0.3051040 0.3330090 0.3653140 0.3912250 -0.0000020 0.0000080 -0.0000300 0.0001110 -0.0004140 0.0015450 -0.0054020 -0.0207140 -0.0428490 -0.0705500 -0.1024170 -0.1373390 -0.1712880 -0.2093130 -0.2231710 
0.4379090 0.4007270 0.3540370 0.3152870 0.3019410 0.3029330 0.3365370 0.4541200 0.7034250 0.3115100 0.3387270 0.3701060 0.3929610 -0.0000040 0.0000150 -0.0000540 0.0002030 -0.0007580 0.0028300 -0.0098870 -0.0356440 -0.0696080 -0.1073560 -0.1443910 -0.1761090 -0.1984050 -0.2173680 -0.2209590 
0.4311470 0.3864090 0.3530110 0.3376040 0.3343380 0.3973330 0.5689320 0.7473390 0.8473420 0.3403030 0.3575810 0.3782950 0.3946410 -0.0000010 0.0000030 -0.0000100 0.0000390 -0.0001450 0.0005430 -0.0019040 -0.0093920 -0.0233000 -0.0449480 -0.0764130 -0.1164190 -0.1575940 -0.2056700 -0.2241860 
0.4221500 0.3733600 0.3367030 0.3142350 0.3078120 0.4525800 0.6938980 0.8197210 0.8644610 0.3153550 0.3382260 0.3672880 0.3915970 -0.0000030 0.0000130 -0.0000480 0.0001810 -0.0006750 0.0025190 -0.0088020 -0.0318320 -0.0623360 -0.0965390 -0.1302550 -0.1609100 -0.1870690 -0.2136990 -0.2219550 
0.4208430 0.3517000 0.2952720 0.2619040 0.2526370 0.2743320 0.3877370 0.5967830 0.7967490 0.2695270 0.3158070 0.3646460 0.3931640 -0.0000060 0.0000240 -0.0000890 0.0003330 -0.0012440 0.0046440 -0.0162160 -0.0548840 -0.1005500 -0.1418380 -0.1720170 -0.1937390 -0.2080250 -0.2190970 -0.2204390 
0.4342110 0.3932950 0.3512710 0.3200890 0.3099610 0.4261090 0.6561080 0.7965640 0.8579720 0.3215890 0.3528500 0.3842400 0.3985720 -0.0000070 0.0000270 -0.0001010 0.0003770 -0.0014080 0.0052540 -0.0183360 -0.0597450 -0.1032600 -0.1381830 -0.1664720 -0.1882290 -0.2040530 -0.2178640 -0.2207750 
0.4082520 0.3211550 0.2704200 0.2527790 0.2507500 0.2886080 0.4214550 0.6221020 0.8045350 0.2561490 0.2815230 0.3310050 0.3812010 -0.0000040 0.0000140 -0.0000520 0.0001940 -0.0007240 0.0027020 -0.0094390 -0.0336190 -0.0649490 -0.0985770 -0.1311630 -0.1612900 -0.1871460 -0.2136510 -0.2219650 
0.4384450 0.4049960 0.3648130 0.3321920 0.3210760 0.3276340 0.3853410 0.5499210 0.7758250 0.3233120 0.3328990 0.3522210 0.3828590 -0.0000010 0.0000030 -0.0000130 0.0000480 -0.0001800 0.0006710 -0.0023500 -0.0103860 -0.0239920 -0.0438890 -0.0707180 -0.1052680 -0.1478270 -0.2019350 -0.2251800 
0.4404460 0.4108230 0.3704060 0.3286510 0.3096920 0.3277610 0.4034670 0.5530130 0.7693250 0.3120230 0.3258940 0.3562500 0.3879870 -0.0000050 0.0000180 -0.0000680 0.0002530 -0.0009440 0.0035230 -0.0123050 -0.0426580 -0.0801630 -0.1173190 -0.1489700 -0.1754810 -0.1962970 -0.2160470 -0.2212940 
0.4461440 0.4287880 0.3930610 0.3513590 0.3348730 0.4086410 0.5976720 0.7653310 0.8502390 0.3402950 0.3563180 0.3763300 0.3936650 -0.0000090 0.0000350 -0.0001310 0.0004880 -0.0018210 0.0067950 -0.0237110 -0.0759720 -0.1288500 -0.1661790 -0.1919800 -0.2079970 -0.2165830 -0.2210440 -0.2198800 
0.4452200 0.4259490 0.3891970 0.3388500 0.3164660 0.3276780 0.3997910 0.5773890 0.7871650 0.3274380 0.3560280 0.3825230 0.3965810 -0.0000000 0.0000000 -0.0000010 0.0000020 -0.0000080 0.0000300 -0.0001120 -0.0025960 -0.0093240 -0.0222420 -0.0433820 -0.0743870 -0.1183650 -0.1907170 -0.2280980 
0.4430680 0.4190830 0.3805470 0.3384080 0.3218870 0.3992690 0.6018430 0.7904820 0.8636960 0.3323260 0.3598430 0.3859960 0.3979460 -0.0000020 0.0000090 -0.0000320 0.0001210 -0.0004510 0.0016820 -0.0058780 -0.0222420 -0.0454670 -0.0739120 -0.1057850 -0.1395930 -0.1726260 -0.2095970 -0.2230900 
0.4399960 0.4057280 0.3513360 0.2811530 0.2412630 0.3050970 0.4836850 0.6821640 0.8249260 0.2503930 0.2819480 0.3318210 0.3814760 -0.0000080 0.0000290 -0.0001070 0.0003980 -0.0014840 0.0055390 -0.0193230 -0.0591160 -0.0952790 -0.1277310 -0.1559990 -0.1797120 -0.1984740 -0.2163690 -0.2211920 
0.4254440 0.3669720 0.3098390 0.2680750 0.2546260 0.3023270 0.4507120 0.6458820 0.8120670 0.2703760 0.3143940 0.3631320 0.3936450 -0.0000000 0.0000010 -0.0000050 0.0000200 -0.0000750 0.0002810 -0.0009920 -0.0067290 -0.0193120 -0.0410340 -0.0749980 -0.1160940 -0.1577690 -0.2058720 -0.2241380 
0.4368090 0.4028320 0.3681420 0.3424690 0.3341420 0.4009110 0.5811430 0.7641200 0.8551190 0.3381720 0.3510870 0.3697030 0.3904880 -0.0000020 0.0000090 -0.0000340 0.0001250 -0.0004670 0.0017430 -0.0060910 -0.0229180 -0.0466150 -0.0753430 -0.1071980 -0.1402580 -0.1727270 -0.2095130 -0.2231050 
0.4234750 0.3758250 0.3385670 0.3149450 0.3080150 0.3709130 0.5373440 0.7075670 0.8306270 0.3161720 0.3398900 0.3685930 0.3920040 -0.0000010 0.0000040 -0.0000160 0.0000590 -0.0002180 0.0008150 -0.0028530 -0.0124150 -0.0283990 -0.0514280 -0.0824030 -0.1209800 -0.1604770 -0.2063910 -0.2239830 
0.4335080 0.3882350 0.3402390 0.3116860 0.3046090 0.4096220 0.6457010 0.8005070 0.8606080 0.3077650 0.3208810 0.3466080 0.3832340 -0.0000020 0.0000080 -0.0000300 0.0001120 -0.0004180 0.0015580 -0.0054470 -0.0207110 -0.0425300 -0.0694540 -0.1000010 -0.1325570 -0.1660780 -0.2071840 -0.2237170 
0.4470360 0.4335240 0.4049280 0.3648590 0.3473790 0.4326990 0.6336060 0.7829950 0.8542070 0.3529390 0.3684630 0.3856190 0.3968910 -0.0000000 0.0000010 -0.0000050 0.0000190 -0.0000710 0.0002640 -0.0009260 -0.0053290 -0.0142670 -0.0291450 -0.0513990 -0.0822680 -0.1237350 -0.1920310 -0.2277430 
0.4311760 0.3760310 0.3083530 0.2520190 0.2324200 0.2729000 0.4116090 0.6173150 0.8033780 0.2510530 0.3024040 0.3573820 0.3911880 -0.0000030 0.0000110 -0.0000400 0.0001480 -0.0005510 0.0020560 -0.0071860 -0.0266050 -0.0533110 -0.0847450 -0.1182250 -0.1510690 -0.1805930 -0.2119530 -0.2224410 
0.4110810 0.3567990 0.3325160 0.3265570 0.3268520 0.3806470 0.5332730 0.7082330 0.8329550 0.3308560 0.3450830 0.3682150 0.3913580 -0.0000050 0.0000180 -0.0000680 0.0002540 -0.0009500 0.0035440 -0.0123800 -0.0434910 -0.0826590 -0.1234820 -0.1585520 -0.1843440 -0.2026210 -0.2179450 -0.2207760 
0.4422260 0.4146770 0.3757020 0.3417710 0.3298230 0.3973520 0.5795340 0.7642130 0.8554210 0.3332870 0.3457380 0.3667220 0.3905340 -0.0000010 0.0000050 -0.0000190 0.0000700 -0.0002620 0.0009770 -0.0034190 -0.0142750 -0.0316740 -0.0558230 -0.0871800 -0.1250230 -0.1631900 -0.2071460 -0.2237740 
0.4247400 0.3553770 0.2817850 0.2414320 0.2348560 0.3003600 0.4727610 0.6660150 0.8186910 0.2701790 0.3406000 0.3816320 0.3975280 -0.0000020 0.0000080 -0.0000310 0.0001160 -0.0004330 0.0016140 -0.0056420 -0.0214220 -0.0439290 -0.0716420 -0.1029550 -0.1363280 -0.1700420 -0.2087250 -0.2233240 
0.4157860 0.3616850 0.3277970 0.3106780 0.3066020 0.3453670 0.4685130 0.6429000 0.8089210 0.3083270 0.3187030 0.3446710 0.3831360 -0.0000070 0.0000260 -0.0000980 0.0003660 -0.0013670 0.0051020 -0.0178070 -0.0583550 -0.1019790 -0.1372660 -0.1658130 -0.1878100 -0.2038250 -0.2178230 -0.2207880 
0.4497540 0.4394320 0.4028850 0.3247520 0.2708600 0.3169810 0.4582750 0.6458780 0.8113330 0.2853110 0.3247330 0.3659320 0.3923670 -0.0000030 0.0000100 -0.0000370 0.0001380 -0.0005140 0.0019180 -0.0067020 -0.0249550 -0.0502730 -0.0803910 -0.1129740 -0.1456700 -0.1762660 -0.2105000 -0.2228290 
0.4438970 0.4173030 0.3777170 0.3428190 0.3304610 0.4015420 0.5851990 0.7529410 0.8459450 0.3329980 0.3425880 0.3597210 0.3847820 -0.0000040 0.0000160 -0.0000590 0.0002210 -0.0008270 0.0030850 -0.0107760 -0.0387420 -0.0754450 -0.1159930 -0.1552870 -0.1885750 -0.2099370 -0.2215730 -0.2198660 
0.4411670 0.4116910 0.3665600 0.3150810 0.2935990 0.3531700 0.5202800 0.7069570 0.8335710 0.3064540 0.3410980 0.3761200 0.3954310 -0.0000060 0.0000210 -0.0000770 0.0002870 -0.0010730 0.0040030 -0.0139790 -0.0475250 -0.0875630 -0.1243270 -0.1548770 -0.1798340 -0.1989600 -0.2166800 -0.2211140 
0.4382630 0.4046460 0.3652990 0.3363420 0.3284340 0.3978120 0.5770120 0.7427890 0.8421990 0.3395070 0.3644400 0.3843850 0.3965410 -0.0000090 0.0000350 -0.0001290 0.0004820 -0.0017990 0.0067150 -0.0234220 -0.0700760 -0.1094010 -0.1421830 -0.1686920 -0.1893350 -0.2044800 -0.2178520 -0.2207730 
0.4319140 0.3940350 0.3671990 0.3526580 0.3489290 0.3834840 0.4979070 0.6644340 0.8157250 0.3594760 0.3808210 0.3937140 0.3990490 -0.0000020 0.0000060 -0.0000220 0.0000810 -0.0003020 0.0011280 -0.0039430 -0.0155360 -0.0329010 -0.0554980 -0.0827110 -0.1140230 -0.1485920 -0.1995110 -0.2257690 
0.4303510 0.3773180 0.3179990 0.2713590 0.2557240 0.2912110 0.4081650 0.5840170 0.7844310 0.2740720 0.3220680 0.3672770 0.3931350 -0.0000000 0.0000020 -0.0000060 0.0000230 -0.0000870 0.0003240 -0.0011360 -0.0059750 -0.0153090 -0.0303680 -0.0523180 -0.0824640 -0.1216210 -0.1893630 -0.2284770 
0.4212900 0.3570770 0.3032260 0.2683360 0.2579400 0.3276680 0.5010800 0.6838460 0.8237580 0.2771340 0.3278340 0.3763080 0.3972230 -0.0000010 0.0000040 -0.0000140 0.0000540 -0.0002000 0.0007480 -0.0026180 -0.0112750 -0.0255770 -0.0460500 -0.0731620 -0.1074320 -0.1492380 -0.2023290 -0.2250690 
0.4380720 0.4031340 0.3603410 0.3251430 0.3130730 0.3209650 0.3749230 0.5178360 0.7561890 0.3182400 0.3357400 0.3628290 0.3898800 -0.0000050 0.0000190 -0.0000730 0.0002710 -0.0010100 0.0037690 -0.0131620 -0.0459110 -0.0865910 -0.1281370 -0.1621850 -0.1869390 -0.2041570 -0.2182900 -0.2206760 
0.4348680 0.3882270 0.3262060 0.2722800 0.2532990 0.2841990 0.3989060 0.5944750 0.7946370 0.2556210 0.2726590 0.3179930 0.3762780 0.0000000 -0.0000000 0.0000000 -0.0000010 0.0000040 -0.0000140 0.0000410 -0.0020240 -0.0081660 -0.0203960 -0.0407450 -0.0711130 -0.1138960 -0.1882000 -0.2287630 
0.4427700 0.4157050 0.3679000 0.3114260 0.2886070 0.3423080 0.4972550 0.6815160 0.8241910 0.3041030 0.3442060 0.3804030 0.3968770 -0.0000000 0.0000020 -0.0000060 0.0000210 -0.0000780 0.0002920 -0.0010250 -0.0061150 -0.0166010 -0.0343280 -0.0607270 -0.0986570 -0.1444090 -0.2013400 -0.2253660 
0.4428580 0.4199970 0.3872880 0.3561370 0.3446890 0.3897930 0.5221270 0.6850350 0.8217300 0.3524260 0.3728150 0.3921760 0.3996190 -0.0000000 0.0000010 -0.0000040 0.0000160 -0.0000580 0.0002180 -0.0007690 -0.0051730 -0.0147390 -0.0313840 -0.0567450 -0.0934060 -0.1401880 -0.1998600 -0.2257630 
0.4262400 0.3608900 0.2912700 0.2492360 0.2385950 0.3371480 0.5808540 0.7753330 0.8560440 0.2445000 0.2676790 0.3107550 0.3714070 -0.0000090 0.0000340 -0.0001260 0.0004700 -0.0017550 0.0065500 -0.0228480 -0.0719480 -0.1174150 -0.1517830 -0.1780430 -0.1968080 -0.2093260 -0.2191280 -0.2204160 
0.4266780 0.3724740 0.3209240 0.2838390 0.2720090 0.2884350 0.3613340 0.5124290 0.7490100 0.2944290 0.3441250 0.3788940 0.3960340 -0.0000060 0.0000210 -0.0000780 0.0002900 -0.0010830 0.0040410 -0.0141060 -0.0472200 -0.0845940 -0.1183270 -0.1485890 -0.1744780 -0.1953810 -0.2156830 -0.2213900 
0.4420890 0.4161460 0.3774260 0.3318210 0.3097430 0.3935960 0.5964170 0.7595800 0.8475550 0.3176020 0.3405960 0.3687480 0.3920000 -0.0000070 0.0000250 -0.0000930 0.0003490 -0.0013020 0.0048600 -0.0169680 -0.0574810 -0.1052810 -0.1488870 -0.1793420 -0.1998230 -0.2120570 -0.2201990 -0.2201320 
0.4311620 0.3846290 0.3474090 0.3313060 0.3282790 0.4060750 0.5980250 0.7584670 0.8469450 0.3360900 0.3578560 0.3817890 0.3966530 -0.0000010 0.0000060 -0.0000210 0.0000770 -0.0002870 0.0010720 -0.0037480 -0.0150530 -0.0323820 -0.0554760 -0.0840400 -0.1177190 -0.1564330 -0.2044880 -0.2244750 
0.4369920 0.3980010 0.3479460 0.3020240 0.2841350 0.3322530 0.4748210 0.6537870 0.8108370 0.2930280 0.3203970 0.3568450 0.3887390 -0.0000010 0.0000040 -0.0000140 0.0000530 -0.0001960 0.0007330 -0.0025650 -0.0113290 -0.0261380 -0.0478120 -0.0768720 -0.1147930 -0.1559240 -0.2049070 -0.2243890 
0.4366740 0.3957870 0.3410140 0.2876990 0.2668680 0.3230310 0.4846820 0.6759190 0.8227870 0.2659910 0.2711900 0.2968900 0.3569670 -0.0000080 0.0000310 -0.0001180 0.0004390 -0.0016370 0.0061100 -0.0213210 -0.0683990 -0.1153910 -0.1507390 -0.1776370 -0.1967420 -0.2093920 -0.2191930 -0.2204000 
0.4136990 0.3537880 0.3156710 0.2961280 0.2913970 0.3002390 0.3770540 0.5722120 0.7871840 0.3085740 0.3505500 0.3832940 0.3973650 -0.0000030 0.0000130 -0.0000480 0.0001800 -0.0006700 0.0025020 -0.0087420 -0.0319130 -0.0630930 -0.0987420 -0.1352360 -0.1689100 -0.1963470 -0.2187910 -0.2206010 
0.4282780 0.3765000 0.3336340 0.3078460 0.3005840 0.3521870 0.5015930 0.6805620 0.8225670 0.3079090 0.3301700 0.3594800 0.3878730 -0.0000040 0.0000160 -0.0000580 0.0002180 -0.0008120 0.0030300 -0.0105860 -0.0376070 -0.0723170 -0.1096080 -0.1435990 -0.1718300 -0.1942590 -0.2156390 -0.2214150 
0.4427450 0.4187490 0.3824830 0.3432770 0.3277420 0.3594540 0.4620620 0.6121300 0.7849130 0.3303870 0.3408480 0.3604300 0.3875870 -0.0000000 0.0000000 -0.0000010 0.0000050 -0.0000170 0.0000650 -0.0002350 -0.0041340 -0.0145420 -0.0341100 -0.0668290 -0.1091020 -0.1530080 -0.2045280 -0.2245090 
0.4334140 0.3900290 0.3484930 0.3222810 0.3146450 0.4222320 0.6368000 0.7796500 0.8524790 0.3185340 0.3330110 0.3584110 0.3880800 -0.0000040 0.0000170 -0.0000620 0.0002330 -0.0008680 0.0032390 -0.0113160 -0.0402960 -0.0777460 -0.1181020 -0.1559450 -0.1848930 -0.2037810 -0.2186770 -0.2205860 
0.4395920 0.4050230 0.3524540 0.2893740 0.2592370 0.2934190 0.4095600 0.5918400 0.7913020 0.2803690 0.3332510 0.3769630 0.3962790 -0.0000040 0.0000140 -0.0000520 0.0001940 -0.0007230 0.0026980 -0.0094280 -0.0340270 -0.0665370 -0.1027570 -0.1385220 -0.1691650 -0.1929690 -0.2155270 -0.2214550 
0.4319300 0.3798310 0.3177360 0.2676800 0.2506850 0.2718370 0.3544920 0.5073880 0.7366910 0.2532660 0.2766150 0.3284240 0.3805420 -0.0000030 0.0000120 -0.0000440 0.0001640 -0.0006110 0.0022810 -0.0079690 -0.0289120 -0.0567040 -0.0883500 -0.1214690 -0.1535620 -0.1821640 -0.2123480 -0.2223300 
0.4402080 0.4111300 0.3744680 0.3427540 0.3315240 0.3766150 0.5099670 0.6767600 0.8196320 0.3360520 0.3513870 0.3734680 0.3930480 -0.0000040 0.0000150 -0.0000580 0.0002150 -0.0008020 0.0029930 -0.0104560 -0.0369420 -0.0707320 -0.1063240 -0.1388360 -0.1675280 -0.1912240 -0.2147420 -0.2216610 
0.4355810 0.3954370 0.3496280 0.3134130 0.3012370 0.3411770 0.4731900 0.6557950 0.8142720 0.3143820 0.3490410 0.3820160 0.3972790 -0.0000000 0.0000020 -0.0000060 0.0000230 -0.0000870 0.0003240 -0.0011420 -0.0075080 -0.0211320 -0.0449080 -0.0801980 -0.1207090 -0.1609870 -0.2068100 -0.2238810 
0.4276930 0.3696110 0.3112030 0.2690900 0.2556380 0.3101670 0.4680790 0.6596070 0.8163700 0.2597090 0.2801690 0.3253650 0.3788180 -0.0000030 0.0000110 -0.0000400 0.0001500 -0.0005590 0.0020870 -0.0072950 -0.0269540 -0.0539100 -0.0855110 -0.1190120 -0.1517170 -0.1810200 -0.2120690 -0.2224090 
0.4265450 0.3662830 0.3115200 0.2799140 0.2713710 0.2908720 0.3924560 0.5939300 0.7950970 0.2905680 0.3299170 0.3660960 0.3918410 -0.0000060 0.0000240 -0.0000890 0.0003340 -0.0012460 0.0046500 -0.0162380 -0.0554140 -0.1021730 -0.1463350 -0.1778310 -0.1989270 -0.2116310 -0.2201480 -0.2201500 
0.4235850 0.3659980 0.3267550 0.3079060 0.3036840 0.3243020 0.4086610 0.5717350 0.7818300 0.3163070 0.3503190 0.3846780 0.3997490 -0.0000030 0.0000110 -0.0000420 0.0001560 -0.0005830 0.0021780 -0.0076090 -0.0279950 -0.0557630 -0.0880310 -0.1218450 -0.1542070 -0.1827150 -0.2125530 -0.2222750 
0.4401310 0.4072400 0.3569700 0.2962030 0.2669330 0.3297150 0.4954410 0.6786000 0.8220220 0.2776720 0.3099460 0.3514730 0.3873770 -0.0000010 0.0000040 -0.0000140 0.0000520 -0.0001940 0.0007230 -0.0025390 -0.0129650 -0.0334310 -0.0637790 -0.0994220 -0.1366500 -0.1715150 -0.2096770 -0.2230830 
0.4490190 0.4351750 0.3909010 0.2988560 0.2306290 0.2686500 0.3939010 0.5821100 0.7875390 0.2480850 0.2949740 0.3465520 0.3866410 -0.0000060 0.0000230 -0.0000870 0.0003260 -0.0012150 0.0045350 -0.0158360 -0.0531930 -0.0967230 -0.1346640 -0.1643770 -0.1872470 -0.2036780 -0.2178870 -0.2207740 
0.4267060 0.3690800 0.3188760 0.2880800 0.2792710 0.3325160 0.4868720 0.6722720 0.8202860 0.3003740 0.3501970 0.3854240 0.3982970 -0.0000010 0.0000030 -0.0000100 0.0000380 -0.0001440 0.0005360 -0.0018780 -0.0088490 -0.0212980 -0.0403270 -0.0668550 -0.1023510 -0.1462060 -0.2015760 -0.2252870 
0.4260800 0.3690020 0.3244420 0.3011280 0.2953590 0.3748210 0.5813690 0.7700120 0.8547260 0.2992400 0.3178850 0.3529640 0.3873070 -0.0000000 0.0000010 -0.0000020 0.0000090 -0.0000330 0.0001210 -0.0004300 -0.0036610 -0.0112450 -0.0249180 -0.0464730 -0.0774020 -0.1203500 -0.1911780 -0.2279720 
0.4347950 0.3893400 0.3312850 0.2783470 0.2571150 0.2647820 0.3224620 0.4808360 0.7451730 0.3049760 0.3700920 0.3969090 0.4013940 -0.0000040 0.0000140 -0.0000520 0.0001950 -0.0007280 0.0027170 -0.0094920 -0.0344300 -0.0676410 -0.1050840 -0.1425900 -0.1760880 -0.2012410 -0.2191830 -0.2205170 
0.4176440 0.3617070 0.3306080 0.3180870 0.3159720 0.3473160 0.4603680 0.6398110 0.8085860 0.3286680 0.3577300 0.3813470 0.3958480 -0.0000050 0.0000170 -0.0000650 0.0002420 -0.0009040 0.0033730 -0.0117810 -0.0418620 -0.0805910 -0.1220900 -0.1606440 -0.1894920 -0.2070440 -0.2196760 -0.2203120 
0.4165610 0.3565010 0.3260720 0.3168320 0.3162980 0.3217270 0.3706130 0.5126410 0.7549380 0.3276180 0.3569710 0.3837230 0.3970330 -0.0000030 0.0000100 -0.0000360 0.0001330 -0.0004970 0.0018550 -0.0064850 -0.0242600 -0.0490830 -0.0788760 -0.1114470 -0.1447620 -0.1761950 -0.2106440 -0.2228010 
0.4347230 0.3942050 0.3488390 0.3130490 0.3010300 0.3914300 0.5878040 0.7445180 0.8418760 0.3196130 0.3605560 0.3871380 0.3980740 -0.0000090 0.0000330 -0.0001240 0.0004620 -0.0017240 0.0064330 -0.0224470 -0.0720270 -0.1220490 -0.1584220 -0.1847980 -0.2023710 -0.2129930 -0.2201220 -0.2201390 
0.4308420 0.3796820 0.3291310 0.3002480 0.2927770 0.3681960 0.5673630 0.7577520 0.8509780 0.2963370 0.3150210 0.3512390 0.3868280 -0.0000030 0.0000120 -0.0000450 0.0001660 -0.0006200 0.0023150 -0.0080900 -0.0294000 -0.0579110 -0.0901150 -0.1232150 -0.1549950 -0.1831030 -0.2126000 -0.2222600 
0.4428040 0.4142590 0.3635160 0.3123230 0.2931800 0.3259810 0.4358380 0.6048950 0.7936130 0.2962910 0.3093110 0.3350010 0.3756610 -0.0000120 0.0000450 -0.0001680 0.0006280 -0.0023420 0.0087420 -0.0304860 -0.0926490 -0.1434410 -0.1781680 -0.2010910 -0.2142190 -0.2201670 -0.2217930 -0.2196620 
0.4380410 0.4037200 0.3633740 0.3331790 0.3241380 0.3866170 0.5596460 0.7471250 0.8549110 0.3289050 0.3465940 0.3712570 0.3925370 -0.0000030 0.0000110 -0.0000410 0.0001530 -0.0005690 0.0021250 -0.0074260 -0.0274130 -0.0547760 -0.0867900 -0.1206400 -0.1535320 -0.1826850 -0.2127580 -0.2222250 
0.4287920 0.3726760 0.3119880 0.2652300 0.2497220 0.3395380 0.5357990 0.7110070 0.8322420 0.2732770 0.3257930 0.3674790 0.3928090 -0.0000100 0.0000360 -0.0001330 0.0004970 -0.0018530 0.0069170 -0.0241290 -0.0763970 -0.1260870 -0.1616380 -0.1872390 -0.2040230 -0.2139400 -0.2203170 -0.2200820 
0.4314180 0.3796630 0.3228200 0.2870960 0.2783780 0.3557830 0.5639630 0.7732510 0.8654980 0.2834870 0.3062110 0.3467630 0.3857100 -0.0000010 0.0000050 -0.0000200 0.0000730 -0.0002720 0.0010140 -0.0035500 -0.0149530 -0.0334100 -0.0592370 -0.0931090 -0.1307770 -0.1673670 -0.2084350 -0.2234230 
0.4310180 0.3819450 0.3337240 0.2998060 0.2891330 0.4124410 0.6553240 0.7996200 0.8593530 0.2998560 0.3303980 0.3657160 0.3917940 -0.0000030 0.0000100 -0.0000360 0.0001350 -0.0005020 0.0018740 -0.0065500 -0.0245450 -0.0497480 -0.0800660 -0.1134570 -0.1471690 -0.1780260 -0.2112610 -0.2226340 
0.4348270 0.3897460 0.3328500 0.2827530 0.2644450 0.3534560 0.5789580 0.7709170 0.8546130 0.2665880 0.2826980 0.3254280 0.3786190 -0.0000050 0.0000190 -0.0000710 0.0002640 -0.0009840 0.0036720 -0.0128230 -0.0444650 -0.0834730 -0.1223270 -0.1542640 -0.1798980 -0.1992370 -0.2168550 -0.2210700 
0.4141330 0.3357290 0.2787560 0.2478850 0.2399670 0.2376850 0.2666970 0.3910830 0.6721390 0.2460020 0.2693460 0.3120850 0.3717830 -0.0000000 0.0000020 -0.0000060 0.0000230 -0.0000850 0.0003170 -0.0011130 -0.0060990 -0.0159670 -0.0321120 -0.0560510 -0.0887450 -0.1332520 -0.1968120 -0.2265190 
0.4229900 0.3708290 0.3394010 0.3256790 0.3229970 0.3896390 0.5461740 0.7074480 0.8297740 0.3260920 0.3383430 0.3612460 0.3888300 -0.0000070 0.0000270 -0.0001010 0.0003760 -0.0014020 0.0052320 -0.0182540 -0.0583590 -0.0974690 -0.1307310 -0.1591450 -0.1823090 -0.2001960 -0.2168380 -0.2210620 
0.4418900 0.4086650 0.3472730 0.2834590 0.2593270 0.3261360 0.4976520 0.6814300 0.8230340 0.2781750 0.3271170 0.3719510 0.3947530 -0.0000020 0.0000090 -0.0000340 0.0001280 -0.0004790 0.0017890 -0.0062520 -0.0234640 -0.0476100 -0.0767500 -0.1088640 -0.1419520 -0.1740150 -0.2099250 -0.2229940 
0.4457580 0.4275910 0.3932700 0.3578760 0.3445360 0.3578480 0.4353540 0.6094790 0.7978470 0.3540920 0.3724650 0.3873820 0.3970960 -0.0000050 0.0000180 -0.0000670 0.0002520 -0.0009390 0.0035050 -0.0122390 -0.0422290 -0.0790340 -0.1147900 -0.1461470 -0.1730360 -0.1946400 -0.2155780 -0.2214240 
0.4439160 0.4175960 0.3798440 0.3470010 0.3354390 0.3622020 0.4534030 0.5971640 0.7785530 0.3361170 0.3447500 0.3670600 0.3909060 -0.0000040 0.0000150 -0.0000560 0.0002090 -0.0007820 0.0029180 -0.0101880 -0.0350830 -0.0648370 -0.0966970 -0.1288240 -0.1591470 -0.1856550 -0.2132110 -0.2220860 
0.4369290 0.3998510 0.3573610 0.3280300 0.3215740 0.3380040 0.4173700 0.5885670 0.7901720 0.3268510 0.3434530 0.3666730 0.3905130 -0.0000010 0.0000040 -0.0000150 0.0000560 -0.0002090 0.0007810 -0.0027380 -0.0129290 -0.0309700 -0.0590340 -0.0944500 -0.1324280 -0.1686970 -0.2088940 -0.2233010 
0.4287340 0.3686800 0.3005640 0.2550290 0.2458220 0.3069060 0.4813900 0.6844360 0.8314030 0.2521170 0.2782880 0.3276420 0.3800300 -0.0000040 0.0000160 -0.0000600 0.0002250 -0.0008380 0.0031290 -0.0109320 -0.0391270 -0.0758640 -0.1159850 -0.1542970 -0.1853120 -0.2047920 -0.2192620 -0.2204380 
0.4494760 0.4403170 0.4101140 0.3512310 0.3192940 0.3712230 0.5193240 0.6914380 0.8254040 0.3297670 0.3572660 0.3832140 0.3968000 -0.0000010 0.0000020 -0.0000090 0.0000350 -0.0001290 0.0004810 -0.0016940 -0.0101870 -0.0281250 -0.0575670 -0.0936000 -0.1320570 -0.1685710 -0.2089150 -0.2232970 
0.4226220 0.3754880 0.3463900 0.3322340 0.3290110 0.3804950 0.5261680 0.6939760 0.8258220 0.3294090 0.3346650 0.3512850 0.3830340 -0.0000030 0.0000130 -0.0000480 0.0001790 -0.0006680 0.0024920 -0.0087030 -0.0309340 -0.0592870 -0.0909720 -0.1237640 -0.1552970 -0.1832460 -0.2126140 -0.2222550 
0.4368160 0.4028220 0.3703320 0.3485150 0.3418530 0.4279520 0.6050060 0.7491690 0.8423060 0.3463720 0.3600960 0.3781270 0.3942350 -0.0000000 0.0000010 -0.0000030 0.0000130 -0.0000480 0.0001810 -0.0006390 -0.0049330 -0.0147020 -0.0321600 -0.0590920 -0.0987840 -0.1449360 -0.2017120 -0.2252700 
0.4256850 0.3665910 0.3214980 0.3034380 0.3004910 0.3159150 0.3846060 0.5273720 0.7528080 0.3043710 0.3205400 0.3516830 0.3864660 -0.0000000 0.0000010 -0.0000020 0.0000080 -0.0000300 0.0001130 -0.0004020 -0.0038220 -0.0120650 -0.0271290 -0.0510200 -0.0856390 -0.1332890 -0.1973630 -0.2264180 
0.4433340 0.4194200 0.3791590 0.3280960 0.3055470 0.3584390 0.5106050 0.6904420 0.8273130 0.3181620 0.3516960 0.3843430 0.3984420 0.0000010 -0.0000020 0.0000070 -0.0000260 0.0000990 -0.0003690 0.0012830 0.0023460 0.0001720 -0.0079290 -0.0245420 -0.0526260 -0.0937540 -0.1749690 -0.2323880 
0.4400930 0.4046400 0.3451360 0.2681510 0.2328410 0.2695450 0.3886970 0.5638450 0.7673870 0.2462400 0.2863480 0.3376950 0.3834420 -0.0000020 0.0000070 -0.0000260 0.0000960 -0.0003580 0.0013340 -0.0046650 -0.0182560 -0.0384250 -0.0644410 -0.0953550 -0.1308180 -0.1667740 -0.2079800 -0.2235390 
0.4483040 0.4310580 0.3868430 0.3389080 0.3205390 0.4246330 0.6597830 0.8113390 0.8639750 0.3228670 0.3373440 0.3645550 0.3905050 -0.0000020 0.0000070 -0.0000270 0.0001020 -0.0003800 0.0014200 -0.0049640 -0.0192260 -0.0401140 -0.0666640 -0.0977000 -0.1326130 -0.1679240 -0.2082720 -0.2234570 
0.4431400 0.4189120 0.3791850 0.3371880 0.3210910 0.3521300 0.4785150 0.6585960 0.8149880 0.3229570 0.3327770 0.3556110 0.3868180 -0.0000030 0.0000120 -0.0000440 0.0001630 -0.0006070 0.0022650 -0.0079140 -0.0289970 -0.0575280 -0.0904000 -0.1244260 -0.1563880 -0.1841780 -0.2129600 -0.2221630 
0.4218640 0.3619740 0.3199750 0.2979180 0.2924380 0.3328780 0.4571340 0.6240220 0.7921990 0.3202300 0.3627970 0.3871130 0.3978590 -0.0000120 0.0000430 -0.0001610 0.0006020 -0.0022450 0.0083780 -0.0292190 -0.0893350 -0.1394800 -0.1741980 -0.1976560 -0.2116380 -0.2185660 -0.2214020 -0.2197720 
0.4185730 0.3458460 0.2945650 0.2723240 0.2680270 0.3487010 0.5633750 0.7729630 0.8619710 0.2790380 0.3119480 0.3534070 0.3880360 -0.0000080 0.0000310 -0.0001140 0.0004270 -0.0015940 0.0059500 -0.0207600 -0.0661510 -0.1099560 -0.1442070 -0.1714030 -0.1917840 -0.2061940 -0.2183570 -0.2206340 
0.4418240 0.4152000 0.3759040 0.3355980 0.3201540 0.3533740 0.4674940 0.6431030 0.8093340 0.3256310 0.3433660 0.3686980 0.3917320 -0.0000010 0.0000050 -0.0000180 0.0000680 -0.0002530 0.0009440 -0.0033020 -0.0141360 -0.0319690 -0.0572690 -0.0910100 -0.1290360 -0.1662080 -0.2081180 -0.2235110 
0.4464410 0.4259980 0.3759920 0.2993600 0.2647820 0.2886360 0.3808750 0.5496860 0.7726170 0.2838500 0.3269190 0.3653810 0.3918070 -0.0000000 0.0000010 -0.0000030 0.0000120 -0.0000440 0.0001630 -0.0005740 -0.0043070 -0.0127550 -0.0276910 -0.0510130 -0.0840580 -0.1302860 -0.1960040 -0.2267480 
0.4454520 0.4252570 0.3834380 0.3288680 0.3060690 0.3807340 0.5793380 0.7730230 0.8588930 0.3074800 0.3162330 0.3384610 0.3781690 -0.0000010 0.0000030 -0.0000120 0.0000430 -0.0001620 0.0006030 -0.0021150 -0.0101960 -0.0249670 -0.0476540 -0.0804410 -0.1201750 -0.1602660 -0.2064740 -0.2239670 
0.4443410 0.4232570 0.3861710 0.3367190 0.3141520 0.3628780 0.5051950 0.6787850 0.8212150 0.3266480 0.3588380 0.3874090 0.3986080 -0.0000030 0.0000130 -0.0000470 0.0001770 -0.0006610 0.0024670 -0.0086200 -0.0313880 -0.0619040 -0.0965990 -0.1318490 -0.1638880 -0.1895980 -0.2146550 -0.2217000 
0.4417240 0.4156550 0.3791250 0.3418100 0.3271160 0.3854890 0.5426490 0.7082820 0.8304520 0.3335150 0.3521940 0.3749580 0.3936140 -0.0000030 0.0000120 -0.0000440 0.0001660 -0.0006180 0.0023080 -0.0080630 -0.0291420 -0.0569000 -0.0885140 -0.1215930 -0.1536470 -0.1822140 -0.2123580 -0.2223270 
0.4196980 0.3721340 0.3422900 0.3271670 0.3235540 0.3678160 0.5040540 0.6766110 0.8203870 0.3272450 0.3401200 0.3610450 0.3876170 -0.0000040 0.0000150 -0.0000570 0.0002140 -0.0007970 0.0029740 -0.0103890 -0.0372260 -0.0722700 -0.1106340 -0.1475190 -0.1773890 -0.1986500 -0.2171960 -0.2209950 
0.4479500 0.4337320 0.3969300 0.3508950 0.3323430 0.3929590 0.5591830 0.7349500 0.8418810 0.3461690 0.3747670 0.3920280 0.3988780 -0.0000020 0.0000080 -0.0000300 0.0001120 -0.0004190 0.0015630 -0.0054620 -0.0207720 -0.0426640 -0.0696850 -0.1003580 -0.1330570 -0.1667700 -0.2074950 -0.2236390 
0.4395550 0.4107080 0.3786410 0.3538930 0.3456770 0.3827960 0.4991040 0.6604740 0.8135810 0.3519300 0.3680090 0.3842560 0.3961610 -0.0000030 0.0000110 -0.0000400 0.0001500 -0.0005580 0.0020840 -0.0072830 -0.0269160 -0.0538420 -0.0854190 -0.1189080 -0.1516270 -0.1809600 -0.2120520 -0.2224140 
0.4399110 0.4068640 0.3576200 0.3030610 0.2805690 0.3151770 0.4273040 0.5916280 0.7803090 0.2826190 0.2971920 0.3349830 0.3814160 -0.0000030 0.0000110 -0.0000420 0.0001580 -0.0005900 0.0022000 -0.0076880 -0.0281980 -0.0560030 -0.0881100 -0.1214650 -0.1536640 -0.1822730 -0.2123950 -0.2223180 
0.4306630 0.3939620 0.3617500 0.3394740 0.3325390 0.3518540 0.4427770 0.6208200 0.8020450 0.3467050 0.3759140 0.3929800 0.3991810 -0.0000050 0.0000190 -0.0000720 0.0002680 -0.0010010 0.0037370 -0.0130510 -0.0456160 -0.0862200 -0.1279380 -0.1625890 -0.1874620 -0.2045920 -0.2184440 -0.2206350 
0.4241120 0.3632620 0.3200060 0.3027880 0.2999620 0.3215570 0.4050100 0.5576370 0.7700880 0.3065780 0.3288290 0.3610250 0.3897670 -0.0000030 0.0000100 -0.0000380 0.0001410 -0.0005270 0.0019670 -0.0068740 -0.0256750 -0.0518870 -0.0832180 -0.1168440 -0.1500050 -0.1799200 -0.2117830 -0.2224890 
0.4407770 0.4017150 0.3370280 0.2771190 0.2554550 0.2745100 0.3533200 0.5072120 0.7433840 0.2686220 0.3060050 0.3509020 0.3875030 -0.0000050 0.0000190 -0.0000730 0.0002710 -0.0010130 0.0037790 -0.0131970 -0.0454430 -0.0848020 -0.1228820 -0.1541910 -0.1796140 -0.1989500 -0.2167360 -0.2211010 
0.4424650 0.4127370 0.3572200 0.2750590 0.2317420 0.3566670 0.6185890 0.7841340 0.8560560 0.2676140 0.3409230 0.3831400 0.3981450 -0.0000010 0.0000040 -0.0000140 0.0000530 -0.0001970 0.0007350 -0.0025810 -0.0141370 -0.0371260 -0.0681720 -0.1036550 -0.1400190 -0.1736940 -0.2102480 -0.2229230 
0.3981270 0.3101990 0.2670720 0.2543920 0.2538470 0.2968930 0.4295760 0.6087730 0.7903040 0.2650740 0.2990100 0.3432620 0.3844280 -0.0000030 0.0000110 -0.0000430 0.0001590 -0.0005950 0.0022200 -0.0077590 -0.0285450 -0.0568550 -0.0897530 -0.1242100 -0.1572190 -0.1857830 -0.2138650 -0.2219310 
0.4418200 0.4065050 0.3476910 0.2931870 0.2734730 0.3511260 0.5493520 0.7295350 0.8389870 0.3000060 0.3442880 0.3760920 0.3948180 -0.0000020 0.0000090 -0.0000340 0.0001280 -0.0004780 0.0017840 -0.0062360 -0.0234570 -0.0476980 -0.0770830 -0.1096060 -0.1434840 -0.1754280 -0.2104740 -0.2228500 
0.4389810 0.4072810 0.3698180 0.3410610 0.3317900 0.3614370 0.4735190 0.6500060 0.8117600 0.3385970 0.3577660 0.3793700 0.3950440 -0.0000050 0.0000190 -0.0000710 0.0002640 -0.0009840 0.0036710 -0.0128220 -0.0444300 -0.0833690 -0.1220400 -0.1538840 -0.1795590 -0.1990000 -0.2167850 -0.2210890 
0.3841100 0.2944720 0.2567780 0.2496830 0.2512400 0.2869570 0.4161320 0.6174210 0.8030130 0.2553660 0.2738540 0.3124620 0.3714490 -0.0000030 0.0000130 -0.0000490 0.0001810 -0.0006760 0.0025230 -0.0088140 -0.0320070 -0.0629590 -0.0979300 -0.1331770 -0.1646080 -0.1899120 -0.2146730 -0.2216910 
0.4437820 0.4226880 0.3896630 0.3539390 0.3399510 0.3485580 0.4006820 0.5315790 0.7558460 0.3513960 0.3750860 0.3907100 0.3982830 -0.0000010 0.0000030 -0.0000110 0.0000410 -0.0001520 0.0005660 -0.0019840 -0.0100730 -0.0253060 -0.0495620 -0.0842830 -0.1238490 -0.1629560 -0.2073020 -0.2237420 
0.4358090 0.3925050 0.3350530 0.2785610 0.2538840 0.3284250 0.5327070 0.7483830 0.8606190 0.2663880 0.3031920 0.3487740 0.3868390 -0.0000100 0.0000390 -0.0001440 0.0005370 -0.0020060 0.0074860 -0.0261160 -0.0823160 -0.1350410 -0.1712120 -0.1958850 -0.2106810 -0.2181440 -0.2213760 -0.2197840 
0.4479140 0.4307550 0.3822210 0.2981240 0.2571610 0.2743060 0.3505530 0.5088430 0.7513980 0.2846920 0.3331180 0.3701950 0.3933070 -0.0000020 0.0000060 -0.0000230 0.0000860 -0.0003210 0.0011990 -0.0041920 -0.0164210 -0.0346090 -0.0580850 -0.0861450 -0.1180090 -0.1532390 -0.2023530 -0.2249960 
0.4455670 0.4283370 0.3966350 0.3488940 0.3184920 0.3336810 0.4221700 0.6086200 0.7986920 0.3284470 0.3541340 0.3786480 0.3950190 -0.0000020 0.0000080 -0.0000310 0.0001150 -0.0004280 0.0015990 -0.0055890 -0.0211500 -0.0432400 -0.0702900 -0.1006430 -0.1327060 -0.1647240 -0.2057930 -0.2240880 
0.4375560 0.4018270 0.3597810 0.3272790 0.3165800 0.3521640 0.4806820 0.6602590 0.8155040 0.3290260 0.3551150 0.3785240 0.3948760 0.0000000 -0.0000010 0.0000030 -0.0000120 0.0000430 -0.0001610 0.0005580 -0.0001500 -0.0044770 -0.0146780 -0.0329150 -0.0616630 -0.1022340 -0.1796190 -0.2311240 
0.4349490 0.3934570 0.3490050 0.3224330 0.3160730 0.3440730 0.4707250 0.6539120 0.8136890 0.3182560 0.3330150 0.3618800 0.3897520 -0.0000030 0.0000110 -0.0000400 0.0001510 -0.0005630 0.0021000 -0.0073380 -0.0270610 -0.0540090 -0.0855080 -0.1189200 -0.1516070 -0.1809340 -0.2120390 -0.2224170 
0.4469330 0.4255490 0.3688730 0.2909940 0.2583780 0.3177280 0.4868120 0.6824320 0.8257470 0.2719970 0.3109600 0.3564480 0.3899900 -0.0000000 0.0000000 -0.0000010 0.0000020 -0.0000090 0.0000340 -0.0001320 -0.0052470 -0.0193940 -0.0471740 -0.0838780 -0.1243750 -0.1636460 -0.2076380 -0.2236550 
0.4312060 0.3791550 0.3227480 0.2866820 0.2767660 0.3222850 0.4593600 0.6368580 0.8029450 0.2858100 0.3135230 0.3505610 0.3862620 -0.0000020 0.0000080 -0.0000280 0.0001060 -0.0003940 0.0014710 -0.0051410 -0.0196080 -0.0403730 -0.0661320 -0.0954960 -0.1271750 -0.1595540 -0.2031250 -0.2248130 
0.4384910 0.4004780 0.3447840 0.2934630 0.2749380 0.3184600 0.4513330 0.6277750 0.7998600 0.2912690 0.3303800 0.3667000 0.3920570 -0.0000030 0.0000110 -0.0000410 0.0001520 -0.0005680 0.0021180 -0.0074020 -0.0273040 -0.0545210 -0.0863240 -0.1198750 -0.1524360 -0.1814990 -0.2122000 -0.2223730 
0.4363920 0.3937660 0.3345880 0.2754900 0.2526940 0.2639730 0.3660270 0.5807430 0.7918480 0.2572220 0.2777230 0.3207990 0.3767400 -0.0000020 0.0000070 -0.0000250 0.0000930 -0.0003470 0.0012930 -0.0045240 -0.0185900 -0.0407510 -0.0709990 -0.1057070 -0.1413690 -0.1744450 -0.2103930 -0.2228810 
0.4305180 0.3763930 0.3173030 0.2798350 0.2699970 0.3594970 0.5411570 0.7101610 0.8313920 0.3072270 0.3648480 0.3921040 0.3998120 -0.0000040 0.0000170 -0.0000630 0.0002330 -0.0008710 0.0032490 -0.0113510 -0.0404770 -0.0782010 -0.1190060 -0.1574580 -0.1873830 -0.2058520 -0.2194410 -0.2203810 
0.4340930 0.3901560 0.3428060 0.3106800 0.3009780 0.3194540 0.3932160 0.5325840 0.7453850 0.3094840 0.3344880 0.3653830 0.3911150 -0.0000040 0.0000150 -0.0000550 0.0002060 -0.0007680 0.0028670 -0.0100180 -0.0360170 -0.0701570 -0.1078440 -0.1445350 -0.1751010 -0.1971990 -0.2168300 -0.2210980 
0.4425830 0.4165430 0.3738670 0.3166570 0.2828000 0.3452770 0.5210540 0.7187450 0.8471920 0.3114890 0.3588320 0.3859220 0.3977090 -0.0000020 0.0000060 -0.0000210 0.0000800 -0.0002970 0.0011080 -0.0038770 -0.0159370 -0.0349650 -0.0609130 -0.0942880 -0.1315970 -0.1678310 -0.2085320 -0.2233950 
0.4378760 0.4013350 0.3551910 0.3167050 0.3034170 0.3855670 0.5984950 0.7908940 0.8633490 0.3109710 0.3338320 0.3636950 0.3904120 -0.0000020 0.0000090 -0.0000330 0.0001230 -0.0004570 0.0017070 -0.0059660 -0.0226730 -0.0465490 -0.0759580 -0.1094110 -0.1439020 -0.1758980 -0.2106950 -0.2227920 
0.4135740 0.3420400 0.3015720 0.2867200 0.2847030 0.3342860 0.4801360 0.6606190 0.8140620 0.2865720 0.2974650 0.3243080 0.3723450 -0.0000020 0.0000070 -0.0000280 0.0001040 -0.0003870 0.0014440 -0.0050460 -0.0193000 -0.0398350 -0.0654230 -0.0947510 -0.1265800 -0.1594670 -0.2037880 -0.2246240 
0.4240830 0.3660100 0.3166090 0.2841400 0.2743670 0.3836140 0.6088760 0.7654990 0.8489530 0.2814280 0.3061200 0.3456670 0.3852220 -0.0000030 0.0000120 -0.0000460 0.0001700 -0.0006360 0.0023720 -0.0082870 -0.0301860 -0.0595400 -0.0929680 -0.1268320 -0.1581910 -0.1853150 -0.2132410 -0.2220840 
0.4437080 0.4147950 0.3542930 0.2829410 0.2546310 0.3818550 0.6355580 0.7902760 0.8571450 0.2666450 0.3021970 0.3467100 0.3855350 -0.0000050 0.0000200 -0.0000750 0.0002790 -0.0010410 0.0038850 -0.0135660 -0.0459920 -0.0843240 -0.1193820 -0.1499690 -0.1757870 -0.1963040 -0.2159610 -0.2213140 
0.4188490 0.3544370 0.3146360 0.2978500 0.2947550 0.3299180 0.4659900 0.6532050 0.8138160 0.3004930 0.3194600 0.3481030 0.3825580 -0.0000040 0.0000160 -0.0000590 0.0002190 -0.0008190 0.0030560 -0.0106730 -0.0376080 -0.0718270 -0.1075840 -0.1399810 -0.1684210 -0.1917910 -0.2148870 -0.2216200 
0.4340160 0.3812540 0.3109500 0.2511820 0.2303620 0.2500730 0.3339320 0.5017910 0.7508220 0.2498490 0.3035210 0.3608980 0.3936330 -0.0000040 0.0000140 -0.0000510 0.0001920 -0.0007170 0.0026760 -0.0093490 -0.0339470 -0.0667660 -0.1038570 -0.1411570 -0.1746660 -0.2002360 -0.2189360 -0.2205820 
0.4363860 0.3951910 0.3415700 0.2948820 0.2784190 0.3042830 0.4097950 0.6016880 0.7968240 0.2909450 0.3263480 0.3665840 0.3937580 -0.0000050 0.0000180 -0.0000670 0.0002490 -0.0009290 0.0034670 -0.0121100 -0.0428250 -0.0820260 -0.1235110 -0.1610990 -0.1880770 -0.2056100 -0.2190160 -0.2204870 
0.4484210 0.4359720 0.4012350 0.3444360 0.3182240 0.3652380 0.5049010 0.6779320 0.8208760 0.3218320 0.3347190 0.3562930 0.3852390 -0.0000010 0.0000020 -0.0000090 0.0000320 -0.0001190 0.0004450 -0.0015600 -0.0076210 -0.0187640 -0.0361030 -0.0608570 -0.0937460 -0.1373680 -0.1982040 -0.2261500 
0.4160450 0.3662570 0.3407560 0.3315770 0.3303970 0.3812400 0.5275310 0.7004730 0.8314220 0.3337420 0.3455010 0.3648110 0.3891010 -0.0000020 0.0000080 -0.0000280 0.0001050 -0.0003920 0.0014650 -0.0051200 -0.0196010 -0.0404960 -0.0665630 -0.0965390 -0.1290020 -0.1631830 -0.2061990 -0.2239800 
0.4192470 0.3695910 0.3399840 0.3261020 0.3230890 0.3256000 0.3633500 0.4852750 0.7286090 0.3272450 0.3437390 0.3691000 0.3918720 -0.0000010 0.0000050 -0.0000200 0.0000740 -0.0002770 0.0010340 -0.0036150 -0.0144060 -0.0307890 -0.0524210 -0.0788710 -0.1098540 -0.1445810 -0.1973220 -0.2263660 
0.4320780 0.3794460 0.3145230 0.2600930 0.2411400 0.2965100 0.4580040 0.6544350 0.8150770 0.2427160 0.2657000 0.3213490 0.3785020 -0.0000090 0.0000330 -0.0001220 0.0004570 -0.0017050 0.0063640 -0.0222050 -0.0712450 -0.1205950 -0.1567260 -0.1832130 -0.2011220 -0.2121930 -0.2199150 -0.2201970 
0.4326080 0.3803430 0.3129460 0.2535700 0.2324290 0.2558390 0.3462680 0.5115900 0.7494440 0.2381360 0.2605260 0.3021150 0.3644910 -0.0000030 0.0000100 -0.0000370 0.0001390 -0.0005190 0.0019370 -0.0067700 -0.0251750 -0.0506500 -0.0808800 -0.1134610 -0.1460310 -0.1761560 -0.2101350 -0.2229290 
0.4414720 0.4117650 0.3635600 0.3012840 0.2705940 0.3387910 0.5277620 0.7327910 0.8516970 0.2849060 0.3227560 0.3618970 0.3906920 -0.0000010 0.0000040 -0.0000140 0.0000520 -0.0001940 0.0007220 -0.0025300 -0.0115520 -0.0273360 -0.0508100 -0.0837710 -0.1229330 -0.1620980 -0.2069740 -0.2238280 
0.4468120 0.4249100 0.3747210 0.3218960 0.3018540 0.3613610 0.5282640 0.7146420 0.8376050 0.3057630 0.3216580 0.3518710 0.3864090 0.0000000 -0.0000000 0.0000010 -0.0000020 0.0000070 -0.0000270 0.0000820 -0.0045660 -0.0181960 -0.0457100 -0.0825020 -0.1232830 -0.1629440 -0.2074550 -0.2237070 
0.4289910 0.3830270 0.3453060 0.3212030 0.3140920 0.3341320 0.4242600 0.6037140 0.7963340 0.3221570 0.3448400 0.3713950 0.3927550 -0.0000020 0.0000090 -0.0000320 0.0001200 -0.0004480 0.0016730 -0.0058480 -0.0222150 -0.0455800 -0.0743600 -0.1069660 -0.1415620 -0.1742210 -0.2101830 -0.2229320 
0.4463890 0.4185650 0.3584800 0.2982490 0.2757900 0.4104810 0.6349240 0.7782920 0.8520670 0.2839340 0.3101150 0.3479920 0.3857490 -0.0000080 0.0000300 -0.0001130 0.0004220 -0.0015750 0.0058770 -0.0205160 -0.0672330 -0.1186990 -0.1583160 -0.1857970 -0.2037760 -0.2141260 -0.2205250 -0.2200310 
0.4387590 0.4003360 0.3395150 0.2653620 0.2322090 0.3145860 0.5137930 0.6996230 0.8293640 0.2352670 0.2532600 0.2978090 0.3678190 -0.0000090 0.0000320 -0.0001200 0.0004470 -0.0016680 0.0062230 -0.0217080 -0.0669030 -0.1069030 -0.1399890 -0.1670180 -0.1881680 -0.2038020 -0.2177060 -0.2208150 
