0.2282274916904640
0.2480080386599630
0.2925824199391390
0.3521952078319670
0.3589409885209810
0.3699222706932050
0.3799222706932050
0.3899222706932050
0.4588385048309120
0.4808704889710950
0.5360000000000000
0.3091849541521230
0.3101739815005970
0.2896924081616570
0.2829254477069570
0.2839254477069570
0.2843270469141760
0.2850270469139660
0.2850270469139660
0.2839254477069570
0.2839254477069570
0.2400000000000000
0.5759912949284120
0.0101791876623943
0.0100000000000000
0.0100000000000000
0.0100000000000000
0.0106445901845188
0.2407333391874770
0.7200000000000000
0.0006715196358314
0.0006715196358314
0.0005000000000000
0.0013166656877675
0.3081701142531930
0.5357287469107790
0.0065715196358314
0.0065715196358314
0.0065715196358314
0.0065715196358314
0.2409181634503920
0.6459591680802880
0.0006715196358314
0.0005000000000000
0.0005000000000000
0.0005000000000000
0.0020000000000000
0.0020000000000000
0.0020000000000000
0.0020000000000000
0.0020000000000000
0.0020000000000000
0.2301600182237050
0.4800000000000000
0.7195796156725280
0.8494222557571700
0.0074000000000000
0.0064164741271626
0.0074000000000000
0.0074000000000000
0.0074000000000000
0.0066592149913314
