0.542184028597
0.861924069203
1.07294362778
1.21116127662
1.31116127662
1.40898250113
1.52898250113
1.72382751485
2.08657277183
0.41701676682
0.365097384863
0.30179151729
0.267426221899
0.277426221899
0.332507516885
0.385631475087
0.11
0.21
0.31
0.41
0.51
0.61
0.71
0.81
0.91
0.04
0.04
0.04
0.04
0.04
0.04
0.04
0.04
0.04
0.04
0.04
0.006
0.11
0.21
0.31
0.41
0.51
0.61
0.71
0.81
0.91
0.0025
0.0025
0.0025
0.0025
0.0025
0.0025
0.0025
0.0025
0.0025
0.0025
0.0025
0.11
0.21
0.31
0.41
0.51
0.61
0.71
0.81
0.91
0.015
0.015
0.015
0.015
0.015
0.015
0.015
0.015
0.015
0.015
0.015
0.11
0.21
0.31
0.41
0.51
0.61
0.71
0.81
0.91
0.0025
0.0025
0.0025
0.0025
0.0025
0.0025
0.0025
0.0025
0.0025
0.0025
0.0025
0.22
0.42
0.62
0.82
0.02
0.02
0.02
0.02
0.02
0.02
0.015
0.015
0.015
0.015
0.015
0.015
